395 239 
417 239 
396 241 
417 241 
396 244 
417 244 
395 246 
417 247 
395 249 
417 251 
395 252 
417 254 
395 255 
417 257 
395 257 
417 260 
395 260 
395 263 
416 266 
394 266 
416 270 
394 268 
415 273 
394 272 
393 274 
393 277 
421 284 
393 280 
418 287 
393 283 
414 289 
392 285 
391 288 
391 291 
391 294 
390 297 
390 299 
389 303 
388 305 
412 316 
387 308 
411 319 
387 311 
407 321 
386 313 
404 322 
385 316 
401 325 
384 319 
398 327 
383 322 
395 329 
383 325 
392 330 
381 328 
389 333 
386 334 
381 335 
379 337 
378 340 
342 391 
338 392 
335 393 
332 395 
329 396 
327 397 
323 398 
320 399 
314 401 
311 402 
309 403 
305 403 
302 404 
299 405 
296 406 
293 407 
290 407 
287 408 
284 409 
281 409 
278 410 
275 411 
272 411 
269 411 
266 411 
263 412 
260 412 
256 412 
254 413 
250 413 
247 413 
244 413 
241 413 
239 413 
236 413 
233 413 
230 413 
227 413 
223 413 
221 413 
217 412 
214 412 
211 411 
208 411 
205 411 
202 410 
199 409 
196 409 
193 408 
190 407 
187 407 
184 406 
181 405 
178 405 
175 404 
172 403 
169 402 
166 402 
163 401 
160 400 
157 399 
154 398 
151 396 
148 395 
145 394 
142 393 
140 391 
117 378 
115 376 
110 364 
108 361 
106 359 
104 357 
102 354 
101 351 
99 348 
98 345 
96 343 
95 340 
94 337 
93 333 
92 331 
90 328 
89 325 
89 322 
102 311 
88 319 
100 309 
106 301 
87 310 
108 297 
85 307 
110 294 
82 306 
110 291 
111 288 
82 299 
76 302 
112 285 
82 296 
74 299 
112 282 
81 293 
72 296 
112 280 
81 290 
70 294 
113 277 
80 287 
69 290 
113 275 
80 284 
67 288 
114 272 
79 282 
66 285 
114 270 
79 279 
65 282 
114 268 
78 276 
64 279 
115 265 
78 273 
62 276 
115 262 
77 270 
61 273 
115 260 
77 267 
61 270 
115 258 
77 264 
60 267 
115 256 
77 261 
59 264 
116 254 
77 258 
58 260 
116 251 
77 255 
58 257 
116 249 
76 253 
57 254 
116 247 
77 250 
57 251 
116 245 
76 247 
57 248 
116 243 
76 244 
57 245 
116 240 
76 241 
57 241 
115 239 
76 239 
57 239 
115 237 
76 236 
57 236 
115 234 
77 233 
57 232 
115 232 
77 230 
57 229 
115 230 
77 227 
58 226 
114 228 
77 224 
59 223 
114 226 
77 222 
59 220 
114 223 
77 219 
60 217 
113 221 
78 216 
61 214 
113 219 
78 213 
62 211 
113 216 
79 210 
63 208 
113 214 
79 208 
64 205 
112 211 
79 204 
65 201 
112 209 
80 202 
67 199 
111 207 
80 199 
68 196 
111 204 
81 196 
70 193 
110 201 
81 193 
71 190 
110 199 
81 190 
73 188 
109 196 
82 187 
75 185 
108 193 
77 183 
107 190 
81 181 
106 187 
83 178 
104 184 
85 176 
98 173 
87 167 
88 165 
89 162 
90 159 
91 156 
92 153 
93 151 
94 147 
95 145 
96 141 
97 139 
99 137 
102 131 
103 127 
105 125 
107 123 
108 120 
110 118 
111 114 
111 110 
112 109 
115 107 
117 105 
134 96 
149 90 
154 88 
163 85 
166 84 
169 83 
171 82 
177 81 
180 80 
183 79 
186 79 
190 79 
192 78 
195 78 
198 77 
201 77 
204 76 
207 76 
210 75 
213 75 
215 75 
219 75 
221 74 
224 74 
227 74 
230 74 
233 73 
236 74 
239 73 
241 73 
244 74 
247 74 
250 74 
253 74 
256 74 
259 74 
262 74 
264 75 
267 75 
270 76 
273 76 
276 77 
279 77 
282 77 
285 78 
287 79 
291 79 
293 80 
296 81 
300 81 
302 82 
305 83 
308 83 
311 84 
314 85 
316 86 
319 87 
323 88 
325 89 
328 90 
331 92 
333 93 
337 94 
340 95 
343 96 
345 98 
348 99 
351 101 
362 107 
369 112 
401 133 
379 151 
402 136 
381 153 
383 155 
385 157 
383 162 
390 158 
384 165 
393 160 
407 153 
384 167 
396 162 
408 156 
385 170 
399 164 
410 159 
386 173 
402 166 
411 162 
387 175 
405 168 
388 178 
409 170 
388 181 
412 172 
389 184 
414 175 
390 187 
390 189 
391 192 
391 195 
391 197 
392 200 
392 203 
393 209 
417 204 
393 211 
421 206 
394 214 
416 211 
394 217 
416 214 
395 220 
417 217 
395 222 
417 220 
417 223 
395 228 
417 226 
395 231 
417 230 
417 233 
418 236 
58 255 
59 222 
59 260 
60 217 
60 267 
61 213 
61 270 
62 210 
62 274 
63 208 
63 276 
64 205 
64 280 
65 203 
65 282 
66 200 
66 285 
67 198 
67 287 
68 196 
68 289 
69 194 
69 291 
70 192 
70 293 
71 191 
71 295 
72 189 
72 296 
73 188 
73 297 
265 74 
74 186 
74 299 
206 75 
272 75 
75 185 
75 300 
197 76 
279 76 
76 184 
76 301 
192 77 
284 77 
77 183 
77 302 
185 78 
289 78 
78 182 
78 217 
78 304 
183 79 
294 79 
79 181 
79 208 
79 280 
79 305 
177 80 
299 80 
80 180 
80 203 
80 285 
80 305 
174 81 
302 81 
81 180 
81 194 
81 290 
81 306 
169 82 
307 82 
82 295 
82 306 
166 83 
310 83 
83 180 
162 84 
313 84 
84 179 
84 307 
159 85 
316 85 
85 176 
85 308 
156 86 
320 86 
86 175 
86 311 
153 87 
322 87 
87 176 
87 310 
150 88 
325 88 
88 165 
88 175 
88 310 
88 319 
148 89 
328 89 
89 162 
89 175 
89 311 
89 321 
145 90 
330 90 
90 158 
90 175 
90 311 
90 325 
142 91 
333 91 
91 156 
91 175 
91 311 
91 328 
140 92 
335 92 
92 153 
92 175 
92 311 
92 331 
138 93 
338 93 
93 151 
93 175 
93 311 
93 333 
135 94 
340 94 
94 148 
94 175 
94 311 
94 336 
133 95 
342 95 
95 146 
95 176 
95 311 
95 338 
131 96 
344 96 
96 143 
96 176 
96 310 
96 341 
129 97 
346 97 
97 141 
97 176 
97 310 
97 343 
127 98 
349 98 
98 138 
98 177 
98 310 
98 346 
125 99 
350 99 
99 136 
99 178 
99 310 
99 347 
123 100 
352 100 
100 179 
100 309 
100 350 
121 101 
354 101 
101 180 
101 308 
119 102 
356 102 
102 130 
102 181 
102 307 
117 103 
358 103 
103 128 
103 182 
103 306 
103 355 
116 104 
360 104 
104 125 
104 183 
104 305 
115 105 
362 105 
105 124 
105 186 
105 304 
114 106 
363 106 
106 122 
106 189 
106 303 
113 107 
365 107 
107 120 
107 192 
107 302 
367 108 
108 118 
108 195 
108 301 
108 365 
113 109 
369 109 
109 116 
109 198 
109 296 
109 366 
113 110 
370 110 
110 114 
110 203 
110 293 
110 368 
112 111 
372 111 
111 113 
111 208 
111 290 
112 112 
373 112 
112 111 
112 287 
112 372 
111 113 
113 108 
113 224 
113 374 
111 114 
376 114 
114 107 
114 377 
110 115 
378 115 
115 106 
115 378 
110 116 
379 116 
116 105 
116 379 
109 117 
380 117 
117 104 
117 379 
109 118 
382 118 
118 104 
118 251 
118 380 
108 119 
383 119 
107 120 
385 120 
120 102 
107 121 
386 121 
106 122 
387 122 
122 383 
105 123 
388 123 
123 101 
105 124 
124 100 
104 125 
125 100 
104 126 
126 99 
103 127 
127 99 
103 128 
128 98 
102 129 
129 98 
102 130 
130 97 
131 97 
401 132 
132 96 
401 133 
133 96 
133 389 
402 134 
134 389 
99 135 
402 135 
135 95 
135 389 
99 136 
401 136 
136 95 
136 390 
99 137 
137 94 
137 391 
98 138 
138 94 
138 391 
97 139 
139 93 
139 391 
97 140 
140 93 
140 392 
97 141 
141 92 
141 393 
96 142 
142 92 
142 393 
96 143 
143 91 
143 393 
96 144 
144 91 
144 394 
95 145 
145 91 
145 394 
94 146 
146 90 
146 395 
94 147 
405 147 
147 90 
147 395 
94 148 
406 148 
148 90 
148 396 
93 149 
406 149 
149 89 
149 396 
93 150 
380 150 
406 150 
150 89 
150 396 
93 151 
381 151 
407 151 
151 89 
151 397 
92 152 
381 152 
407 152 
152 88 
152 397 
92 153 
382 153 
407 153 
153 88 
153 397 
92 154 
383 154 
408 154 
154 398 
91 155 
383 155 
409 155 
155 87 
155 398 
91 156 
384 156 
409 156 
156 87 
156 399 
91 157 
389 157 
409 157 
157 87 
157 399 
90 158 
382 158 
390 158 
410 158 
158 86 
158 399 
90 159 
383 159 
392 159 
410 159 
159 86 
159 400 
90 160 
382 160 
394 160 
410 160 
160 86 
160 400 
89 161 
383 161 
395 161 
411 161 
161 85 
161 401 
89 162 
383 162 
397 162 
411 162 
162 85 
162 401 
89 163 
383 163 
398 163 
412 163 
163 401 
88 164 
384 164 
400 164 
412 164 
164 84 
164 401 
88 165 
384 165 
401 165 
165 84 
165 402 
88 166 
384 166 
403 166 
166 84 
166 402 
87 167 
385 167 
405 167 
167 83 
167 402 
87 168 
385 168 
406 168 
168 83 
168 402 
87 169 
385 169 
407 169 
169 83 
169 403 
86 170 
386 170 
409 170 
170 83 
170 403 
86 171 
386 171 
411 171 
171 403 
92 172 
386 172 
412 172 
172 82 
172 403 
92 173 
386 173 
413 173 
173 82 
173 404 
93 174 
387 174 
414 174 
174 404 
94 175 
387 175 
415 175 
175 81 
175 404 
176 81 
176 404 
86 177 
98 177 
387 177 
177 81 
177 405 
83 178 
100 178 
388 178 
178 81 
178 405 
82 179 
100 179 
388 179 
179 405 
81 180 
102 180 
388 180 
180 80 
180 405 
80 181 
103 181 
389 181 
181 80 
181 406 
78 182 
103 182 
389 182 
182 80 
182 406 
77 183 
104 183 
389 183 
183 80 
183 406 
76 184 
105 184 
389 184 
184 79 
184 406 
75 185 
83 185 
105 185 
389 185 
185 79 
185 407 
74 186 
82 186 
105 186 
389 186 
186 79 
186 407 
73 187 
82 187 
106 187 
390 187 
187 79 
187 407 
73 188 
82 188 
106 188 
390 188 
188 79 
188 407 
72 189 
82 189 
106 189 
390 189 
189 79 
189 407 
72 190 
82 190 
107 190 
390 190 
190 78 
190 408 
71 191 
81 191 
107 191 
391 191 
191 78 
191 408 
70 192 
81 192 
108 192 
391 192 
192 78 
192 408 
69 193 
81 193 
108 193 
391 193 
193 78 
193 408 
69 194 
81 194 
108 194 
391 194 
194 409 
69 195 
81 195 
109 195 
391 195 
195 77 
195 409 
68 196 
81 196 
109 196 
391 196 
196 77 
196 409 
67 197 
81 197 
109 197 
391 197 
197 77 
197 409 
67 198 
80 198 
109 198 
392 198 
198 77 
198 409 
67 199 
80 199 
110 199 
392 199 
199 77 
199 410 
66 200 
80 200 
110 200 
392 200 
200 77 
200 410 
66 201 
80 201 
110 201 
392 201 
201 77 
201 410 
65 202 
80 202 
110 202 
392 202 
202 76 
202 410 
65 203 
80 203 
110 203 
392 203 
418 203 
203 76 
203 410 
64 204 
80 204 
111 204 
392 204 
419 204 
204 76 
204 410 
64 205 
79 205 
111 205 
393 205 
420 205 
205 76 
205 411 
64 206 
79 206 
111 206 
393 206 
206 76 
206 411 
63 207 
79 207 
111 207 
393 207 
421 207 
207 76 
207 411 
63 208 
79 208 
112 208 
393 208 
208 411 
63 209 
79 209 
112 209 
393 209 
416 209 
209 75 
209 411 
62 210 
79 210 
112 210 
393 210 
416 210 
210 75 
210 411 
62 211 
79 211 
112 211 
416 211 
211 75 
211 411 
62 212 
78 212 
112 212 
416 212 
212 75 
212 411 
61 213 
78 213 
112 213 
394 213 
416 213 
213 75 
213 412 
61 214 
78 214 
113 214 
394 214 
416 214 
214 75 
214 412 
61 215 
78 215 
113 215 
416 215 
215 75 
60 216 
78 216 
113 216 
394 216 
416 216 
216 75 
216 412 
61 217 
77 217 
113 217 
394 217 
417 217 
217 75 
217 412 
60 218 
78 218 
113 218 
394 218 
417 218 
218 412 
60 219 
77 219 
113 219 
395 219 
417 219 
219 412 
59 220 
78 220 
113 220 
417 220 
220 75 
220 413 
59 221 
77 221 
113 221 
395 221 
417 221 
221 74 
221 413 
59 222 
77 222 
114 222 
395 222 
417 222 
222 74 
222 412 
59 223 
77 223 
114 223 
395 223 
417 223 
223 74 
223 413 
58 224 
77 224 
114 224 
395 224 
417 224 
224 74 
224 413 
58 225 
77 225 
114 225 
395 225 
417 225 
225 74 
225 413 
58 226 
77 226 
114 226 
395 226 
417 226 
226 74 
226 413 
58 227 
77 227 
114 227 
395 227 
417 227 
227 74 
227 413 
58 228 
77 228 
114 228 
395 228 
417 228 
228 74 
228 413 
58 229 
77 229 
114 229 
417 229 
229 74 
229 413 
58 230 
76 230 
115 230 
395 230 
417 230 
230 74 
230 413 
57 231 
77 231 
115 231 
395 231 
417 231 
231 74 
231 413 
57 232 
76 232 
115 232 
395 232 
417 232 
232 74 
232 413 
57 233 
77 233 
115 233 
417 233 
233 74 
233 413 
57 234 
76 234 
115 234 
418 234 
234 74 
234 413 
57 235 
76 235 
115 235 
417 235 
235 74 
235 413 
57 236 
76 236 
115 236 
396 236 
418 236 
236 74 
236 413 
57 237 
77 237 
115 237 
395 237 
417 237 
237 74 
237 413 
57 238 
76 238 
115 238 
396 238 
418 238 
238 74 
238 413 
57 239 
76 239 
115 239 
395 239 
417 239 
239 73 
239 413 
57 240 
76 240 
116 240 
396 240 
418 240 
240 74 
240 413 
57 241 
77 241 
116 241 
396 241 
417 241 
241 73 
241 413 
57 242 
76 242 
116 242 
396 242 
418 242 
242 74 
242 413 
57 243 
77 243 
116 243 
395 243 
417 243 
243 73 
243 413 
57 244 
76 244 
116 244 
396 244 
418 244 
244 74 
244 413 
57 245 
77 245 
116 245 
395 245 
417 245 
245 73 
245 413 
57 246 
76 246 
116 246 
395 246 
417 246 
246 74 
246 413 
57 247 
76 247 
116 247 
395 247 
417 247 
247 74 
247 413 
57 248 
76 248 
116 248 
395 248 
417 248 
248 74 
248 413 
57 249 
77 249 
116 249 
395 249 
417 249 
249 74 
249 413 
57 250 
76 250 
116 250 
395 250 
417 250 
250 74 
250 413 
57 251 
77 251 
116 251 
395 251 
417 251 
251 74 
251 413 
58 252 
76 252 
116 252 
395 252 
417 252 
252 74 
252 413 
57 253 
77 253 
116 253 
417 253 
253 74 
253 413 
58 254 
77 254 
116 254 
395 254 
417 254 
254 74 
254 413 
58 255 
77 255 
116 255 
395 255 
417 255 
255 74 
255 413 
58 256 
77 256 
116 256 
395 256 
417 256 
256 74 
256 412 
58 257 
77 257 
115 257 
417 257 
257 74 
257 413 
58 258 
77 258 
115 258 
395 258 
417 258 
258 74 
258 412 
58 259 
77 259 
115 259 
395 259 
417 259 
259 75 
259 412 
58 260 
77 260 
115 260 
395 260 
417 260 
260 74 
260 412 
59 261 
77 261 
115 261 
395 261 
261 75 
261 412 
59 262 
77 262 
115 262 
395 262 
262 75 
262 412 
59 263 
77 263 
115 263 
395 263 
417 263 
263 75 
263 412 
59 264 
77 264 
115 264 
395 264 
416 264 
264 75 
264 412 
59 265 
77 265 
115 265 
395 265 
265 75 
265 412 
60 266 
78 266 
115 266 
394 266 
416 266 
266 75 
266 411 
60 267 
77 267 
115 267 
394 267 
416 267 
267 75 
267 411 
60 268 
78 268 
114 268 
394 268 
416 268 
268 75 
268 411 
61 269 
77 269 
114 269 
394 269 
416 269 
269 75 
269 411 
61 270 
78 270 
114 270 
394 270 
416 270 
270 76 
270 411 
61 271 
78 271 
114 271 
394 271 
416 271 
271 76 
271 411 
61 272 
78 272 
114 272 
394 272 
416 272 
272 76 
272 411 
61 273 
78 273 
114 273 
394 273 
415 273 
273 76 
273 411 
62 274 
78 274 
114 274 
394 274 
274 76 
274 411 
62 275 
79 275 
113 275 
393 275 
415 275 
275 76 
275 411 
63 276 
78 276 
113 276 
393 276 
415 276 
276 76 
276 410 
63 277 
79 277 
113 277 
393 277 
415 277 
277 77 
277 410 
64 278 
79 278 
113 278 
393 278 
415 278 
278 77 
278 410 
64 279 
79 279 
113 279 
393 279 
279 77 
279 410 
64 280 
79 280 
113 280 
393 280 
414 280 
280 77 
280 410 
65 281 
79 281 
112 281 
393 281 
281 77 
281 409 
65 282 
79 282 
112 282 
393 282 
414 282 
282 78 
282 409 
65 283 
79 283 
112 283 
393 283 
283 77 
283 409 
66 284 
80 284 
112 284 
392 284 
284 78 
284 409 
66 285 
80 285 
112 285 
392 285 
419 285 
285 78 
285 409 
66 286 
80 286 
112 286 
392 286 
419 286 
286 78 
286 409 
67 287 
80 287 
111 287 
392 287 
418 287 
287 79 
287 408 
68 288 
80 288 
111 288 
392 288 
416 288 
288 79 
288 408 
68 289 
81 289 
111 289 
391 289 
415 289 
289 79 
289 408 
68 290 
81 290 
111 290 
391 290 
414 290 
290 79 
290 408 
69 291 
81 291 
110 291 
391 291 
413 291 
291 79 
291 407 
70 292 
81 292 
110 292 
391 292 
292 79 
292 407 
70 293 
81 293 
110 293 
391 293 
419 293 
293 79 
293 407 
71 294 
82 294 
109 294 
390 294 
419 294 
294 80 
294 407 
71 295 
82 295 
109 295 
391 295 
419 295 
295 80 
295 406 
72 296 
82 296 
109 296 
390 296 
419 296 
296 80 
296 406 
73 297 
82 297 
108 297 
390 297 
297 81 
297 406 
74 298 
82 298 
108 298 
390 298 
298 81 
298 406 
74 299 
83 299 
108 299 
389 299 
299 81 
299 405 
75 300 
83 300 
107 300 
389 300 
300 81 
300 405 
76 301 
83 301 
106 301 
389 301 
301 81 
301 405 
77 302 
83 302 
106 302 
389 302 
302 82 
302 404 
78 303 
106 303 
389 303 
303 82 
303 404 
79 304 
105 304 
388 304 
304 82 
304 404 
82 305 
104 305 
388 305 
305 83 
305 404 
83 306 
103 306 
388 306 
306 83 
306 404 
83 307 
102 307 
388 307 
307 83 
307 403 
85 308 
101 308 
387 308 
308 83 
308 403 
86 309 
100 309 
387 309 
309 83 
309 403 
387 310 
310 84 
310 402 
387 311 
311 84 
311 402 
93 312 
386 312 
312 84 
312 402 
94 313 
386 313 
313 85 
313 401 
88 314 
386 314 
414 314 
314 85 
314 401 
87 315 
385 315 
413 315 
315 85 
315 401 
87 316 
385 316 
412 316 
316 86 
316 401 
87 317 
385 317 
411 317 
317 86 
317 401 
88 318 
384 318 
411 318 
318 86 
318 400 
88 319 
384 319 
409 319 
319 87 
319 400 
88 320 
384 320 
408 320 
320 87 
320 400 
89 321 
384 321 
406 321 
321 87 
321 399 
89 322 
384 322 
405 322 
322 88 
322 399 
89 323 
383 323 
404 323 
323 88 
90 324 
383 324 
402 324 
324 88 
324 398 
90 325 
383 325 
401 325 
325 89 
325 398 
90 326 
382 326 
399 326 
326 89 
91 327 
382 327 
398 327 
327 89 
91 328 
382 328 
396 328 
328 90 
328 397 
91 329 
381 329 
395 329 
329 90 
329 397 
92 330 
381 330 
393 330 
330 91 
330 396 
92 331 
381 331 
392 331 
331 91 
331 396 
92 332 
380 332 
390 332 
332 92 
332 395 
93 333 
380 333 
389 333 
333 92 
333 395 
93 334 
380 334 
387 334 
334 92 
93 335 
335 93 
94 336 
381 336 
336 93 
94 337 
380 337 
337 94 
94 338 
380 338 
338 94 
95 339 
379 339 
339 95 
96 340 
378 340 
340 95 
96 341 
377 341 
341 95 
341 391 
96 342 
376 342 
342 96 
342 391 
97 343 
343 96 
343 391 
97 344 
344 97 
344 390 
98 345 
345 97 
98 346 
346 98 
346 389 
99 347 
347 98 
347 389 
99 348 
348 99 
348 388 
99 349 
349 99 
100 350 
350 100 
101 351 
351 100 
101 352 
352 100 
101 353 
353 101 
102 354 
354 102 
103 355 
355 102 
103 356 
356 103 
104 357 
357 103 
104 358 
358 104 
105 359 
359 104 
106 360 
360 105 
106 361 
361 105 
107 362 
362 106 
107 363 
363 107 
108 364 
364 107 
109 365 
365 108 
109 366 
366 108 
110 367 
367 109 
110 368 
368 109 
111 369 
369 110 
112 370 
370 111 
112 371 
371 111 
113 372 
372 112 
113 373 
373 113 
114 374 
374 113 
375 114 
115 376 
376 340 
114 377 
377 115 
115 378 
378 337 
116 379 
379 152 
117 380 
380 153 
119 381 
362 381 
381 154 
120 382 
361 382 
382 155 
382 327 
382 337 
122 383 
359 383 
383 324 
383 336 
124 384 
357 384 
384 155 
384 164 
384 321 
384 336 
125 385 
355 385 
385 155 
385 168 
385 316 
385 335 
128 386 
353 386 
386 156 
386 171 
386 313 
386 334 
130 387 
351 387 
387 156 
387 176 
387 310 
387 334 
131 388 
349 388 
388 157 
388 179 
388 307 
388 333 
133 389 
347 389 
389 157 
389 184 
389 302 
389 333 
134 390 
345 390 
390 158 
390 187 
390 297 
390 332 
343 391 
391 159 
391 194 
391 292 
391 331 
140 392 
341 392 
392 159 
392 201 
392 287 
392 331 
142 393 
393 160 
393 278 
393 330 
144 394 
394 160 
394 329 
147 395 
395 161 
395 329 
148 396 
396 162 
396 328 
151 397 
329 397 
397 162 
397 242 
397 327 
154 398 
398 163 
398 327 
157 399 
399 163 
399 326 
159 400 
400 134 
400 164 
400 326 
162 401 
401 135 
401 165 
401 325 
165 402 
402 135 
402 165 
402 324 
168 403 
310 403 
403 166 
403 323 
171 404 
404 167 
404 322 
176 405 
405 167 
405 322 
179 406 
406 168 
406 321 
184 407 
295 407 
407 169 
407 320 
189 408 
291 408 
408 153 
408 170 
408 320 
194 409 
286 409 
409 170 
409 319 
199 410 
281 410 
410 171 
410 318 
206 411 
272 411 
411 171 
411 317 
267 412 
412 172 
412 317 
413 173 
413 206 
413 289 
413 316 
414 173 
414 205 
414 288 
414 314 
415 174 
415 205 
415 288 
415 311 
416 176 
416 205 
416 271 
416 288 
416 307 
417 178 
417 205 
417 287 
417 302 
418 205 
418 287 
418 299 
419 205 
419 240 
419 287 
420 205 
420 286 
421 205 
421 284 
422 205 
423 206 
395 235 
395 230 
402 137 
403 136 
402 136 
403 142 
405 144 
404 146 
403 144 
403 144 
403 139 
403 139 
403 139 
403 138 
401 134 
395 128 
390 124 
394 128 
397 130 
394 127 
391 126 
395 128 
399 131 
399 132 
412 164 
412 170 
412 165 
414 168 
415 171 
416 173 
416 176 
418 179 
418 178 
