384 239 
415 239 
431 239 
384 241 
415 241 
431 241 
385 243 
415 244 
431 245 
385 246 
415 247 
430 248 
386 248 
415 250 
430 251 
387 251 
414 254 
429 255 
387 254 
414 257 
428 258 
388 257 
414 260 
427 261 
389 260 
414 263 
426 265 
389 262 
414 266 
425 268 
390 265 
413 269 
424 271 
392 268 
413 272 
422 274 
392 271 
412 275 
420 277 
393 274 
419 280 
395 278 
416 283 
397 281 
413 285 
407 290 
407 297 
407 300 
406 303 
405 306 
404 309 
403 312 
402 315 
401 318 
400 320 
399 324 
398 327 
397 330 
395 332 
394 336 
393 338 
391 342 
390 345 
407 357 
389 348 
404 359 
387 350 
401 361 
386 353 
399 364 
384 357 
396 367 
383 360 
381 363 
391 372 
379 365 
388 373 
377 368 
386 376 
375 371 
369 384 
367 386 
364 388 
362 390 
358 392 
356 394 
353 396 
350 397 
347 398 
343 400 
340 401 
337 403 
334 404 
331 405 
328 407 
324 408 
322 409 
318 410 
316 411 
312 412 
309 413 
306 414 
303 415 
300 416 
296 417 
293 417 
290 418 
287 419 
284 419 
280 420 
277 420 
274 421 
270 421 
267 421 
264 422 
261 422 
257 422 
254 422 
251 423 
248 423 
245 423 
241 423 
239 423 
236 423 
232 423 
229 422 
226 422 
223 422 
220 422 
216 421 
213 421 
210 421 
207 420 
203 420 
200 419 
197 418 
194 418 
191 417 
187 416 
184 416 
181 415 
178 414 
175 413 
172 412 
169 411 
166 410 
162 409 
160 408 
156 407 
154 406 
150 405 
147 403 
144 402 
141 401 
138 399 
135 398 
132 396 
129 395 
126 393 
123 392 
120 390 
117 388 
114 387 
112 384 
108 383 
106 380 
103 378 
102 376 
99 375 
97 372 
95 369 
93 366 
91 363 
89 361 
87 357 
87 353 
108 334 
85 351 
110 329 
104 333 
83 348 
110 326 
101 332 
82 345 
109 323 
98 330 
80 342 
108 321 
96 328 
79 339 
107 318 
93 326 
77 336 
107 315 
90 325 
77 332 
106 313 
88 323 
75 330 
84 321 
74 326 
105 307 
81 319 
73 323 
104 305 
79 317 
104 302 
76 315 
73 313 
103 296 
71 310 
102 294 
68 308 
102 292 
68 305 
67 301 
66 298 
65 295 
101 281 
65 292 
101 278 
64 289 
100 276 
63 286 
100 273 
63 283 
63 279 
100 268 
62 276 
100 266 
62 273 
100 263 
61 270 
100 260 
61 266 
100 258 
61 263 
100 255 
65 260 
99 253 
63 257 
100 251 
62 254 
100 248 
68 250 
61 251 
100 245 
68 247 
60 247 
100 243 
68 244 
60 244 
100 241 
68 241 
61 241 
100 239 
68 239 
61 239 
100 236 
68 236 
61 236 
100 234 
69 233 
100 232 
68 230 
100 229 
69 227 
61 226 
100 226 
69 224 
61 223 
100 224 
69 221 
62 220 
101 222 
69 218 
62 217 
101 219 
69 215 
62 214 
101 217 
69 212 
62 211 
101 214 
69 209 
63 208 
102 212 
70 206 
63 204 
102 209 
71 203 
64 201 
102 207 
72 200 
65 198 
103 204 
72 197 
65 195 
103 202 
73 194 
66 192 
104 199 
73 191 
67 189 
104 197 
74 188 
67 186 
104 195 
75 185 
68 183 
105 192 
75 182 
69 180 
105 190 
76 179 
69 177 
106 187 
77 176 
71 173 
107 185 
78 173 
71 171 
107 182 
79 170 
73 168 
108 180 
80 167 
74 165 
109 178 
109 175 
110 173 
83 159 
111 170 
84 156 
78 153 
111 167 
85 153 
112 165 
86 150 
80 146 
113 163 
87 147 
81 144 
83 141 
90 142 
84 138 
116 155 
87 135 
116 152 
91 135 
117 150 
93 132 
118 147 
119 144 
92 124 
120 141 
94 120 
121 139 
95 117 
123 137 
97 114 
124 135 
99 112 
125 132 
101 109 
126 129 
103 106 
127 126 
104 103 
105 102 
129 122 
108 100 
130 119 
110 97 
132 117 
113 95 
133 114 
115 93 
135 112 
117 90 
136 108 
123 91 
118 85 
137 105 
126 90 
121 83 
139 103 
129 89 
123 80 
141 100 
132 87 
125 78 
143 98 
134 86 
127 75 
145 95 
138 84 
131 73 
146 92 
141 84 
133 70 
148 89 
136 68 
150 87 
138 66 
151 82 
141 65 
154 81 
145 63 
149 62 
151 60 
154 59 
157 58 
161 57 
165 56 
167 55 
171 54 
181 52 
184 51 
188 50 
191 50 
194 48 
198 48 
201 47 
205 47 
208 46 
212 46 
215 45 
218 45 
222 45 
225 45 
229 44 
232 44 
236 44 
239 45 
241 45 
245 45 
248 45 
252 45 
255 45 
259 45 
262 46 
265 47 
269 47 
272 47 
276 48 
279 49 
282 50 
286 50 
289 51 
293 51 
296 52 
309 56 
312 57 
316 58 
319 60 
322 61 
325 62 
334 67 
356 78 
359 80 
361 82 
367 87 
369 90 
369 95 
372 97 
373 101 
374 103 
376 105 
378 108 
380 111 
382 113 
384 116 
385 119 
387 123 
389 125 
392 131 
385 139 
376 150 
389 141 
376 153 
394 141 
375 157 
397 144 
375 159 
399 146 
375 163 
400 149 
374 167 
402 152 
375 169 
404 155 
375 172 
375 175 
403 162 
410 159 
375 178 
404 165 
412 161 
376 180 
405 168 
413 164 
376 183 
406 171 
415 167 
376 185 
407 173 
417 170 
376 189 
408 177 
418 173 
377 191 
409 180 
419 176 
377 194 
409 183 
421 179 
377 196 
410 186 
422 183 
378 198 
410 189 
423 185 
378 201 
411 192 
424 189 
378 204 
412 195 
425 192 
379 206 
412 199 
426 195 
379 209 
413 202 
427 199 
380 211 
413 205 
427 202 
380 214 
413 208 
429 205 
381 216 
414 211 
429 209 
381 219 
414 214 
430 212 
381 221 
415 217 
430 215 
382 224 
414 220 
431 219 
382 226 
415 223 
431 222 
383 229 
415 227 
431 225 
383 231 
415 230 
431 229 
383 234 
415 233 
431 232 
384 236 
415 236 
431 236 
230 43 
260 45 
207 46 
267 46 
274 47 
193 48 
279 48 
188 49 
286 49 
183 50 
289 50 
181 51 
294 51 
173 52 
297 52 
170 53 
167 54 
166 55 
307 55 
161 56 
311 56 
158 57 
314 57 
156 58 
317 58 
154 59 
320 59 
150 60 
322 60 
148 61 
324 61 
146 62 
327 62 
62 257 
145 63 
329 63 
63 258 
63 280 
142 64 
331 64 
64 201 
64 258 
64 285 
140 65 
334 65 
65 196 
65 258 
65 292 
138 66 
336 66 
66 191 
66 259 
66 297 
137 67 
338 67 
67 186 
67 259 
67 302 
135 68 
340 68 
68 183 
68 305 
134 69 
342 69 
69 178 
69 308 
133 70 
344 70 
70 175 
70 311 
132 71 
71 172 
71 204 
71 312 
131 72 
72 169 
72 199 
129 73 
73 166 
73 194 
73 312 
73 322 
129 74 
352 74 
74 163 
74 191 
74 313 
74 325 
127 75 
353 75 
75 160 
75 186 
75 314 
75 328 
127 76 
355 76 
76 157 
76 183 
76 314 
76 331 
126 77 
357 77 
77 155 
77 178 
77 315 
77 334 
125 78 
357 78 
78 152 
78 175 
78 316 
78 337 
124 79 
359 79 
79 150 
79 172 
79 317 
79 339 
123 80 
154 80 
360 80 
80 147 
80 167 
80 318 
80 341 
122 81 
361 81 
81 145 
81 164 
81 318 
81 343 
121 82 
145 82 
154 82 
361 82 
82 142 
82 161 
82 319 
82 346 
120 83 
142 83 
153 83 
361 83 
83 140 
83 158 
83 320 
83 347 
119 84 
140 84 
152 84 
362 84 
84 138 
84 157 
84 320 
84 350 
118 85 
138 85 
152 85 
363 85 
85 136 
85 154 
85 321 
85 352 
118 86 
135 86 
151 86 
364 86 
86 135 
86 152 
86 322 
86 354 
117 87 
133 87 
150 87 
364 87 
87 134 
87 150 
87 323 
87 356 
116 88 
131 88 
150 88 
365 88 
88 133 
88 147 
88 323 
88 358 
115 89 
129 89 
149 89 
366 89 
89 144 
89 324 
89 360 
114 90 
127 90 
148 90 
367 90 
90 126 
90 134 
90 142 
90 325 
90 362 
113 91 
125 91 
147 91 
367 91 
91 125 
91 325 
91 364 
113 92 
122 92 
147 92 
368 92 
92 123 
92 133 
92 326 
92 366 
112 93 
121 93 
146 93 
369 93 
93 121 
93 133 
93 327 
93 367 
119 94 
145 94 
370 94 
94 120 
94 327 
94 368 
117 95 
145 95 
371 95 
95 118 
95 328 
95 369 
116 96 
144 96 
371 96 
96 116 
96 329 
96 371 
110 97 
143 97 
372 97 
97 115 
97 329 
97 372 
110 98 
142 98 
373 98 
98 113 
98 330 
98 373 
109 99 
142 99 
373 99 
99 111 
99 331 
99 374 
108 100 
141 100 
374 100 
100 110 
100 331 
100 375 
107 101 
141 101 
374 101 
101 108 
101 332 
101 376 
106 102 
140 102 
375 102 
102 106 
102 332 
102 377 
105 103 
139 103 
375 103 
103 105 
103 333 
103 377 
104 104 
138 104 
376 104 
104 104 
104 201 
104 303 
104 334 
104 378 
103 105 
138 105 
377 105 
105 102 
105 196 
105 334 
105 379 
102 106 
137 106 
378 106 
106 101 
106 191 
106 313 
106 335 
106 380 
102 107 
137 107 
378 107 
107 100 
107 186 
107 318 
107 335 
107 381 
101 108 
136 108 
379 108 
108 99 
108 183 
108 321 
108 336 
108 382 
101 109 
136 109 
379 109 
109 98 
109 178 
109 336 
109 382 
100 110 
135 110 
380 110 
110 97 
110 175 
110 384 
99 111 
135 111 
381 111 
111 96 
111 170 
111 385 
99 112 
134 112 
381 112 
112 167 
112 385 
98 113 
134 113 
382 113 
113 164 
113 386 
98 114 
133 114 
383 114 
114 90 
114 161 
114 386 
97 115 
133 115 
383 115 
115 89 
115 96 
115 156 
115 387 
96 116 
132 116 
384 116 
116 88 
116 96 
116 155 
116 388 
95 117 
132 117 
384 117 
117 87 
117 95 
117 150 
117 388 
95 118 
131 118 
385 118 
118 85 
118 94 
118 149 
118 389 
95 119 
131 119 
385 119 
119 85 
119 94 
119 146 
119 389 
94 120 
130 120 
386 120 
120 83 
120 94 
120 143 
120 390 
93 121 
130 121 
387 121 
121 82 
121 93 
121 140 
121 391 
93 122 
130 122 
387 122 
122 81 
122 92 
122 139 
122 391 
92 123 
129 123 
388 123 
123 80 
123 92 
123 136 
123 391 
92 124 
128 124 
388 124 
124 79 
124 91 
124 133 
124 392 
91 125 
128 125 
389 125 
125 78 
125 91 
125 131 
125 393 
90 126 
128 126 
389 126 
126 76 
126 90 
126 129 
126 393 
90 127 
127 127 
389 127 
127 75 
127 90 
127 128 
127 394 
89 128 
126 128 
390 128 
128 74 
128 89 
128 125 
128 394 
126 129 
391 129 
129 73 
129 89 
129 124 
129 395 
126 130 
391 130 
130 72 
130 88 
130 121 
130 395 
125 131 
391 131 
131 71 
131 88 
131 118 
131 396 
93 132 
125 132 
392 132 
132 70 
132 88 
132 117 
132 396 
92 133 
124 133 
393 133 
133 70 
133 87 
133 114 
133 397 
91 134 
124 134 
393 134 
134 69 
134 87 
134 113 
134 397 
123 135 
393 135 
135 68 
135 86 
135 110 
135 398 
86 136 
123 136 
394 136 
136 67 
136 86 
136 109 
136 398 
85 137 
123 137 
394 137 
137 67 
137 85 
137 107 
137 399 
84 138 
92 138 
122 138 
138 66 
138 85 
138 105 
138 399 
84 139 
91 139 
122 139 
139 85 
139 104 
139 400 
83 140 
91 140 
121 140 
140 65 
140 84 
140 101 
140 400 
83 141 
91 141 
121 141 
141 65 
141 84 
141 100 
141 401 
82 142 
90 142 
120 142 
142 64 
142 83 
142 99 
142 401 
82 143 
89 143 
120 143 
380 143 
396 143 
143 64 
143 83 
143 98 
143 401 
82 144 
89 144 
119 144 
379 144 
396 144 
144 64 
144 83 
144 96 
144 402 
81 145 
89 145 
119 145 
378 145 
398 145 
145 63 
145 83 
145 94 
145 403 
81 146 
88 146 
118 146 
377 146 
399 146 
146 62 
146 82 
146 93 
146 403 
80 147 
88 147 
118 147 
376 147 
400 147 
147 62 
147 81 
147 92 
147 403 
80 148 
88 148 
118 148 
376 148 
400 148 
148 62 
148 81 
148 90 
148 404 
79 149 
87 149 
118 149 
376 149 
401 149 
149 61 
149 81 
149 88 
149 404 
79 150 
87 150 
117 150 
376 150 
402 150 
150 61 
150 87 
150 404 
79 151 
86 151 
117 151 
376 151 
402 151 
151 86 
151 405 
78 152 
86 152 
116 152 
375 152 
403 152 
152 60 
152 85 
152 405 
78 153 
85 153 
116 153 
375 153 
404 153 
153 60 
153 82 
153 405 
85 154 
116 154 
375 154 
406 154 
154 81 
154 406 
85 155 
115 155 
375 155 
407 155 
155 59 
155 406 
84 156 
115 156 
375 156 
156 59 
156 407 
83 157 
115 157 
375 157 
409 157 
157 58 
157 407 
83 158 
114 158 
375 158 
402 158 
409 158 
158 58 
158 407 
83 159 
114 159 
374 159 
403 159 
410 159 
159 57 
159 408 
75 160 
82 160 
114 160 
375 160 
403 160 
411 160 
160 57 
160 408 
75 161 
82 161 
113 161 
374 161 
403 161 
411 161 
161 57 
161 409 
74 162 
82 162 
113 162 
375 162 
404 162 
412 162 
162 56 
162 409 
74 163 
81 163 
113 163 
374 163 
403 163 
413 163 
163 56 
163 409 
74 164 
81 164 
112 164 
375 164 
404 164 
413 164 
164 56 
164 410 
73 165 
81 165 
112 165 
374 165 
405 165 
414 165 
165 55 
165 410 
73 166 
80 166 
112 166 
375 166 
405 166 
415 166 
166 55 
166 410 
73 167 
80 167 
112 167 
374 167 
405 167 
415 167 
167 55 
167 411 
72 168 
80 168 
111 168 
375 168 
405 168 
416 168 
168 54 
168 411 
72 169 
79 169 
111 169 
374 169 
405 169 
416 169 
169 54 
169 411 
72 170 
79 170 
111 170 
375 170 
406 170 
417 170 
170 54 
170 412 
71 171 
79 171 
111 171 
375 171 
406 171 
417 171 
171 54 
171 412 
71 172 
78 172 
110 172 
375 172 
406 172 
418 172 
172 412 
71 173 
78 173 
110 173 
375 173 
407 173 
418 173 
173 53 
173 413 
70 174 
78 174 
110 174 
375 174 
407 174 
419 174 
174 53 
174 413 
70 175 
77 175 
109 175 
375 175 
407 175 
419 175 
175 413 
70 176 
77 176 
109 176 
375 176 
407 176 
420 176 
176 413 
69 177 
77 177 
109 177 
375 177 
407 177 
420 177 
177 413 
69 178 
77 178 
108 178 
375 178 
408 178 
420 178 
178 414 
69 179 
77 179 
108 179 
375 179 
408 179 
421 179 
179 414 
69 180 
76 180 
108 180 
375 180 
408 180 
421 180 
180 52 
180 415 
69 181 
76 181 
108 181 
376 181 
409 181 
421 181 
181 51 
181 415 
68 182 
76 182 
108 182 
376 182 
409 182 
422 182 
182 51 
182 415 
68 183 
75 183 
107 183 
376 183 
409 183 
423 183 
183 51 
183 415 
68 184 
75 184 
107 184 
376 184 
410 184 
423 184 
184 51 
184 415 
68 185 
75 185 
107 185 
376 185 
410 185 
423 185 
185 51 
185 416 
67 186 
75 186 
106 186 
376 186 
410 186 
424 186 
186 50 
186 416 
67 187 
75 187 
106 187 
376 187 
410 187 
424 187 
187 50 
187 416 
67 188 
74 188 
106 188 
376 188 
410 188 
424 188 
188 50 
188 417 
67 189 
74 189 
106 189 
376 189 
411 189 
424 189 
189 50 
189 417 
66 190 
74 190 
106 190 
377 190 
411 190 
425 190 
190 50 
190 417 
66 191 
73 191 
105 191 
377 191 
411 191 
425 191 
191 49 
191 417 
66 192 
73 192 
105 192 
377 192 
411 192 
426 192 
192 49 
192 417 
65 193 
73 193 
105 193 
377 193 
411 193 
426 193 
193 49 
193 417 
66 194 
73 194 
105 194 
377 194 
411 194 
426 194 
194 49 
194 418 
65 195 
73 195 
105 195 
377 195 
411 195 
426 195 
195 49 
195 418 
65 196 
72 196 
104 196 
377 196 
412 196 
427 196 
196 49 
196 418 
65 197 
72 197 
104 197 
378 197 
412 197 
427 197 
197 48 
197 418 
65 198 
72 198 
104 198 
378 198 
412 198 
427 198 
198 48 
198 418 
65 199 
72 199 
104 199 
378 199 
412 199 
427 199 
199 48 
199 419 
64 200 
72 200 
104 200 
378 200 
412 200 
428 200 
200 419 
64 201 
71 201 
103 201 
378 201 
413 201 
428 201 
201 48 
201 419 
64 202 
71 202 
103 202 
378 202 
412 202 
428 202 
202 47 
202 420 
64 203 
71 203 
103 203 
378 203 
413 203 
428 203 
203 47 
203 420 
64 204 
71 204 
103 204 
379 204 
413 204 
428 204 
204 47 
204 420 
63 205 
71 205 
103 205 
378 205 
413 205 
429 205 
205 47 
205 420 
63 206 
70 206 
102 206 
379 206 
413 206 
429 206 
206 47 
206 420 
63 207 
70 207 
102 207 
379 207 
413 207 
429 207 
207 47 
207 420 
63 208 
70 208 
102 208 
379 208 
413 208 
429 208 
208 46 
208 420 
63 209 
70 209 
102 209 
380 209 
413 209 
429 209 
209 46 
209 420 
63 210 
70 210 
102 210 
379 210 
414 210 
430 210 
210 46 
210 421 
63 211 
69 211 
102 211 
380 211 
414 211 
430 211 
211 46 
211 421 
62 212 
69 212 
102 212 
380 212 
414 212 
430 212 
212 46 
212 421 
62 213 
69 213 
102 213 
380 213 
414 213 
430 213 
213 46 
213 421 
62 214 
69 214 
102 214 
380 214 
414 214 
430 214 
214 46 
214 421 
62 215 
69 215 
101 215 
380 215 
414 215 
430 215 
215 46 
215 421 
62 216 
69 216 
101 216 
381 216 
414 216 
430 216 
216 45 
216 421 
62 217 
69 217 
101 217 
381 217 
415 217 
430 217 
217 45 
217 421 
62 218 
69 218 
101 218 
381 218 
414 218 
430 218 
218 45 
218 421 
62 219 
69 219 
101 219 
382 219 
415 219 
431 219 
219 45 
219 422 
62 220 
69 220 
101 220 
381 220 
414 220 
431 220 
220 45 
220 422 
62 221 
69 221 
101 221 
382 221 
415 221 
431 221 
221 45 
221 422 
62 222 
69 222 
101 222 
382 222 
415 222 
431 222 
222 45 
222 422 
61 223 
69 223 
101 223 
382 223 
415 223 
431 223 
223 45 
223 422 
62 224 
69 224 
100 224 
382 224 
415 224 
431 224 
224 45 
224 422 
61 225 
69 225 
100 225 
382 225 
415 225 
431 225 
225 45 
225 422 
61 226 
69 226 
100 226 
382 226 
415 226 
431 226 
226 44 
226 422 
61 227 
69 227 
100 227 
382 227 
415 227 
431 227 
227 45 
227 422 
61 228 
69 228 
100 228 
383 228 
415 228 
431 228 
228 44 
228 422 
69 229 
100 229 
383 229 
415 229 
431 229 
229 45 
229 422 
69 230 
100 230 
383 230 
415 230 
431 230 
230 44 
230 422 
69 231 
100 231 
383 231 
415 231 
431 231 
231 45 
231 423 
68 232 
100 232 
383 232 
415 232 
431 232 
232 44 
232 423 
69 233 
100 233 
384 233 
415 233 
431 233 
233 45 
233 423 
69 234 
100 234 
383 234 
415 234 
431 234 
234 44 
234 423 
61 235 
69 235 
100 235 
384 235 
415 235 
431 235 
235 45 
235 423 
61 236 
68 236 
100 236 
384 236 
415 236 
431 236 
236 45 
236 423 
61 237 
69 237 
100 237 
384 237 
415 237 
431 237 
237 45 
237 423 
61 238 
68 238 
100 238 
384 238 
415 238 
431 238 
238 45 
238 423 
61 239 
69 239 
100 239 
384 239 
415 239 
431 239 
239 45 
239 423 
61 240 
68 240 
100 240 
385 240 
415 240 
431 240 
240 45 
240 423 
61 241 
68 241 
100 241 
384 241 
415 241 
431 241 
241 45 
241 423 
61 242 
68 242 
100 242 
385 242 
415 242 
430 242 
242 45 
242 423 
61 243 
68 243 
100 243 
385 243 
415 243 
431 243 
243 45 
243 423 
60 244 
68 244 
100 244 
385 244 
415 244 
430 244 
244 45 
244 423 
61 245 
68 245 
100 245 
386 245 
415 245 
431 245 
245 45 
245 423 
61 246 
68 246 
100 246 
385 246 
415 246 
430 246 
246 45 
246 423 
61 247 
68 247 
100 247 
386 247 
415 247 
430 247 
247 45 
247 423 
60 248 
68 248 
100 248 
386 248 
415 248 
430 248 
248 45 
248 423 
61 249 
68 249 
100 249 
386 249 
415 249 
430 249 
249 45 
249 423 
61 250 
68 250 
100 250 
387 250 
414 250 
430 250 
250 45 
250 423 
61 251 
68 251 
100 251 
387 251 
415 251 
429 251 
251 45 
251 423 
61 252 
68 252 
100 252 
387 252 
414 252 
429 252 
252 423 
61 253 
68 253 
99 253 
388 253 
415 253 
429 253 
253 45 
253 423 
67 254 
100 254 
387 254 
414 254 
429 254 
254 46 
254 422 
62 255 
100 255 
388 255 
414 255 
429 255 
255 46 
255 423 
63 256 
100 256 
388 256 
414 256 
429 256 
256 46 
256 423 
66 257 
100 257 
388 257 
414 257 
428 257 
257 46 
257 422 
66 258 
100 258 
389 258 
414 258 
428 258 
258 46 
258 422 
66 259 
100 259 
389 259 
414 259 
427 259 
259 46 
259 422 
66 260 
100 260 
389 260 
414 260 
427 260 
260 46 
260 422 
100 261 
390 261 
414 261 
427 261 
261 46 
261 422 
67 262 
100 262 
389 262 
414 262 
427 262 
262 46 
262 422 
61 263 
100 263 
390 263 
414 263 
427 263 
263 46 
263 422 
61 264 
100 264 
390 264 
414 264 
426 264 
264 46 
264 422 
61 265 
100 265 
390 265 
415 265 
426 265 
265 47 
265 421 
61 266 
100 266 
391 266 
414 266 
425 266 
266 47 
266 421 
61 267 
100 267 
391 267 
413 267 
425 267 
267 47 
267 421 
61 268 
100 268 
391 268 
413 268 
425 268 
268 47 
268 422 
61 269 
100 269 
392 269 
413 269 
425 269 
269 47 
269 421 
62 270 
100 270 
392 270 
413 270 
424 270 
270 48 
270 421 
62 271 
100 271 
392 271 
413 271 
423 271 
271 47 
271 421 
62 272 
100 272 
393 272 
413 272 
423 272 
272 48 
272 421 
62 273 
100 273 
392 273 
413 273 
423 273 
273 48 
273 421 
62 274 
100 274 
393 274 
412 274 
422 274 
274 48 
274 420 
62 275 
100 275 
394 275 
413 275 
421 275 
275 48 
275 420 
62 276 
100 276 
394 276 
412 276 
421 276 
276 48 
276 420 
63 277 
100 277 
394 277 
412 277 
421 277 
277 49 
277 420 
63 278 
100 278 
395 278 
412 278 
420 278 
278 49 
278 420 
63 279 
101 279 
396 279 
419 279 
279 49 
279 420 
63 280 
101 280 
396 280 
280 49 
280 420 
63 281 
101 281 
396 281 
281 49 
281 419 
63 282 
101 282 
397 282 
417 282 
282 50 
282 420 
63 283 
101 283 
398 283 
416 283 
283 50 
283 419 
64 284 
101 284 
399 284 
415 284 
284 50 
284 419 
64 285 
101 285 
400 285 
414 285 
285 419 
64 286 
102 286 
286 50 
286 418 
64 287 
102 287 
287 51 
287 418 
65 288 
102 288 
288 51 
288 418 
65 289 
102 289 
410 289 
289 51 
289 418 
65 290 
102 290 
407 290 
290 51 
290 418 
65 291 
102 291 
407 291 
291 51 
291 417 
65 292 
102 292 
407 292 
292 52 
292 418 
65 293 
102 293 
408 293 
293 52 
293 417 
65 294 
103 294 
408 294 
294 52 
294 417 
66 295 
103 295 
408 295 
295 52 
295 417 
66 296 
103 296 
408 296 
296 52 
296 417 
66 297 
103 297 
407 297 
297 417 
66 298 
103 298 
407 298 
298 416 
67 299 
103 299 
407 299 
299 416 
67 300 
104 300 
407 300 
300 416 
67 301 
104 301 
406 301 
301 416 
67 302 
104 302 
406 302 
302 416 
67 303 
104 303 
405 303 
303 415 
68 304 
104 304 
405 304 
304 415 
68 305 
105 305 
405 305 
305 415 
68 306 
105 306 
405 306 
306 414 
69 307 
105 307 
405 307 
307 414 
70 308 
106 308 
404 308 
308 56 
308 414 
70 309 
106 309 
404 309 
309 413 
71 310 
106 310 
403 310 
310 57 
310 413 
72 311 
106 311 
403 311 
311 57 
311 413 
73 312 
106 312 
403 312 
312 57 
312 412 
73 313 
106 313 
403 313 
313 58 
313 412 
75 314 
106 314 
402 314 
314 58 
314 412 
107 315 
402 315 
315 411 
78 316 
107 316 
402 316 
316 59 
316 411 
80 317 
107 317 
401 317 
317 59 
317 411 
72 318 
81 318 
108 318 
401 318 
318 410 
73 319 
82 319 
108 319 
401 319 
319 60 
319 410 
73 320 
83 320 
108 320 
400 320 
320 60 
320 410 
73 321 
84 321 
108 321 
400 321 
321 61 
321 409 
73 322 
87 322 
108 322 
400 322 
322 61 
322 409 
73 323 
88 323 
109 323 
399 323 
323 61 
323 409 
74 324 
89 324 
109 324 
399 324 
324 62 
324 408 
74 325 
90 325 
109 325 
399 325 
325 62 
325 408 
74 326 
93 326 
110 326 
398 326 
326 62 
326 407 
75 327 
94 327 
110 327 
398 327 
327 407 
75 328 
95 328 
110 328 
397 328 
328 407 
75 329 
96 329 
111 329 
397 329 
329 406 
76 330 
99 330 
111 330 
396 330 
330 406 
76 331 
100 331 
111 331 
396 331 
331 406 
76 332 
101 332 
111 332 
396 332 
332 405 
77 333 
395 333 
333 405 
77 334 
395 334 
334 405 
77 335 
395 335 
335 67 
335 404 
78 336 
394 336 
336 67 
336 404 
78 337 
393 337 
337 67 
337 403 
79 338 
393 338 
338 68 
338 402 
79 339 
393 339 
339 68 
339 402 
79 340 
392 340 
340 69 
340 402 
80 341 
392 341 
341 69 
341 401 
80 342 
391 342 
342 401 
81 343 
391 343 
343 400 
81 344 
391 344 
344 400 
82 345 
390 345 
345 399 
82 346 
390 346 
346 399 
83 347 
389 347 
417 347 
347 398 
83 348 
389 348 
416 348 
348 398 
84 349 
388 349 
415 349 
349 397 
84 350 
388 350 
414 350 
350 397 
85 351 
387 351 
413 351 
351 397 
85 352 
387 352 
412 352 
352 396 
85 353 
387 353 
411 353 
353 395 
86 354 
386 354 
410 354 
354 395 
87 355 
385 355 
409 355 
355 77 
355 394 
87 356 
385 356 
408 356 
356 78 
356 394 
87 357 
384 357 
407 357 
357 79 
357 393 
88 358 
384 358 
406 358 
358 79 
358 393 
89 359 
383 359 
405 359 
359 80 
359 392 
89 360 
382 360 
404 360 
360 81 
360 391 
89 361 
382 361 
403 361 
361 82 
361 391 
90 362 
381 362 
401 362 
362 84 
362 390 
91 363 
381 363 
363 85 
363 389 
91 364 
380 364 
399 364 
364 87 
364 388 
92 365 
379 365 
398 365 
365 88 
365 388 
93 366 
379 366 
397 366 
366 89 
366 387 
93 367 
378 367 
395 367 
367 90 
367 386 
94 368 
377 368 
394 368 
368 92 
368 382 
95 369 
377 369 
393 369 
369 93 
369 381 
96 370 
376 370 
392 370 
370 95 
97 371 
375 371 
391 371 
371 96 
371 378 
98 372 
375 372 
389 372 
372 97 
372 167 
372 376 
98 373 
374 373 
388 373 
373 99 
373 375 
373 384 
99 374 
373 374 
387 374 
374 100 
374 374 
374 384 
100 375 
373 375 
386 375 
375 102 
375 372 
375 383 
101 376 
372 376 
385 376 
376 103 
376 370 
376 382 
102 377 
371 377 
383 377 
377 105 
377 369 
377 381 
103 378 
370 378 
382 378 
378 107 
378 147 
378 367 
378 381 
104 379 
370 379 
381 379 
379 108 
379 144 
379 210 
379 365 
379 380 
106 380 
369 380 
379 380 
380 109 
380 143 
380 364 
380 379 
107 381 
369 381 
378 381 
381 111 
381 142 
381 363 
381 379 
108 382 
368 382 
376 382 
382 113 
382 141 
382 361 
382 378 
109 383 
375 383 
383 115 
383 140 
383 359 
383 377 
110 384 
384 116 
384 140 
384 358 
384 377 
112 385 
385 118 
385 140 
385 356 
385 376 
114 386 
370 386 
386 120 
386 140 
386 354 
386 375 
115 387 
366 387 
387 122 
387 140 
387 256 
387 352 
387 374 
117 388 
365 388 
388 123 
388 140 
388 261 
388 350 
388 373 
119 389 
364 389 
389 126 
389 140 
389 264 
389 348 
389 373 
120 390 
363 390 
390 127 
390 141 
390 269 
390 345 
390 372 
122 391 
361 391 
391 129 
391 141 
391 272 
391 344 
391 371 
124 392 
360 392 
392 131 
392 141 
392 273 
392 341 
392 370 
126 393 
358 393 
393 276 
393 338 
393 369 
128 394 
356 394 
394 279 
394 337 
394 368 
130 395 
354 395 
395 142 
395 280 
395 334 
395 367 
132 396 
352 396 
396 143 
396 283 
396 331 
396 367 
134 397 
350 397 
397 144 
397 284 
397 330 
397 366 
136 398 
349 398 
398 146 
398 285 
398 327 
398 365 
138 399 
346 399 
399 148 
399 287 
399 324 
399 364 
140 400 
344 400 
400 149 
400 287 
400 321 
142 401 
342 401 
401 150 
401 288 
401 318 
401 362 
144 402 
340 402 
402 289 
402 315 
402 361 
147 403 
338 403 
403 288 
403 312 
403 360 
149 404 
335 404 
404 151 
404 163 
404 289 
404 309 
404 360 
152 405 
333 405 
405 153 
405 166 
405 289 
405 306 
405 359 
155 406 
331 406 
406 154 
406 169 
406 289 
406 303 
406 358 
157 407 
328 407 
407 155 
407 172 
407 357 
159 408 
325 408 
408 156 
408 177 
408 356 
163 409 
322 409 
409 157 
409 182 
409 292 
409 355 
165 410 
319 410 
410 159 
410 185 
410 354 
168 411 
316 411 
411 160 
411 190 
411 353 
171 412 
315 412 
412 162 
412 197 
412 352 
176 413 
310 413 
413 163 
413 351 
179 414 
307 414 
414 164 
414 285 
414 350 
182 415 
415 167 
415 284 
415 349 
187 416 
416 168 
416 283 
416 348 
294 417 
417 170 
417 282 
417 347 
197 418 
291 418 
418 172 
418 281 
418 346 
288 419 
419 174 
419 280 
209 420 
420 176 
420 278 
420 344 
421 178 
421 276 
422 181 
422 275 
422 342 
423 184 
423 272 
423 341 
424 185 
424 270 
424 340 
425 189 
425 268 
426 193 
426 265 
427 196 
427 262 
428 199 
428 259 
429 256 
430 213 
430 251 
