370 233 
395 233 
407 233 
370 234 
395 235 
407 235 
372 237 
395 238 
406 238 
373 240 
395 241 
405 241 
374 242 
395 244 
404 244 
376 245 
395 247 
403 247 
378 248 
401 250 
380 251 
398 253 
383 254 
396 256 
393 258 
390 260 
394 264 
393 267 
393 270 
393 272 
393 275 
392 278 
392 281 
391 284 
391 287 
391 290 
390 293 
389 296 
389 299 
388 302 
387 305 
387 308 
386 311 
385 314 
384 317 
383 319 
382 322 
382 326 
380 328 
379 331 
378 334 
377 338 
376 341 
374 343 
373 346 
371 349 
370 352 
370 357 
369 360 
367 362 
365 365 
362 367 
360 369 
359 372 
355 373 
352 375 
350 377 
347 379 
344 381 
342 383 
339 384 
336 386 
333 388 
330 389 
327 391 
325 393 
322 394 
319 395 
316 396 
312 397 
310 399 
307 401 
305 402 
301 402 
298 404 
296 405 
292 406 
289 407 
286 407 
283 408 
280 409 
276 410 
274 411 
270 411 
267 412 
264 413 
261 414 
258 414 
255 415 
252 415 
248 415 
245 416 
242 416 
239 416 
235 417 
233 417 
230 417 
226 417 
223 417 
220 417 
216 417 
213 417 
210 417 
206 416 
204 416 
200 416 
197 416 
194 415 
190 415 
188 414 
184 414 
181 413 
177 413 
175 412 
171 411 
167 411 
165 410 
161 409 
158 408 
155 407 
152 406 
149 405 
145 404 
142 403 
138 402 
135 401 
132 400 
129 398 
126 397 
122 396 
120 394 
116 393 
113 391 
110 389 
107 387 
104 385 
102 383 
98 381 
97 378 
94 376 
92 374 
90 371 
88 368 
87 365 
84 362 
82 360 
101 340 
81 356 
99 338 
79 353 
97 335 
77 350 
97 332 
92 335 
75 348 
96 329 
89 334 
73 345 
95 326 
86 332 
72 342 
94 323 
83 330 
71 338 
93 320 
79 329 
69 335 
92 317 
76 327 
68 331 
91 314 
73 325 
70 323 
90 309 
66 322 
89 306 
64 319 
88 303 
61 316 
60 313 
59 310 
86 295 
58 307 
57 304 
85 289 
56 300 
84 287 
55 298 
55 294 
83 281 
54 290 
82 279 
53 288 
82 276 
52 285 
81 273 
51 281 
81 270 
51 278 
81 268 
50 275 
80 265 
50 272 
80 262 
53 268 
80 259 
80 256 
54 261 
79 254 
54 258 
79 252 
54 255 
79 249 
54 251 
79 246 
54 248 
79 243 
54 245 
79 240 
54 242 
79 238 
54 238 
79 235 
79 233 
54 233 
54 230 
79 227 
54 227 
79 225 
54 223 
79 222 
54 220 
79 219 
54 217 
79 216 
79 213 
79 211 
80 209 
80 206 
56 201 
81 203 
81 200 
81 197 
58 192 
82 195 
82 192 
59 186 
83 189 
60 183 
83 186 
60 179 
83 184 
61 177 
84 181 
62 173 
85 178 
63 170 
85 176 
64 168 
86 173 
65 164 
87 170 
66 161 
87 168 
67 159 
88 165 
68 155 
89 162 
90 159 
69 148 
91 157 
71 146 
92 154 
72 143 
93 151 
70 138 
94 149 
71 135 
95 146 
73 132 
96 143 
74 129 
97 140 
76 126 
98 138 
77 123 
99 135 
79 120 
81 118 
101 129 
83 115 
103 127 
85 112 
104 124 
88 110 
91 109 
107 118 
93 106 
108 115 
96 104 
109 113 
99 103 
111 110 
113 109 
105 101 
113 106 
107 99 
100 92 
116 104 
102 89 
117 101 
104 86 
119 99 
107 84 
120 95 
110 82 
123 93 
112 80 
115 78 
119 77 
136 67 
139 66 
146 64 
171 56 
177 54 
190 51 
194 51 
197 51 
200 50 
204 50 
206 50 
213 50 
226 50 
317 69 
319 71 
322 72 
325 74 
326 77 
328 80 
331 82 
333 85 
335 87 
337 90 
339 92 
341 95 
343 97 
346 99 
347 102 
349 104 
339 120 
351 107 
352 109 
337 128 
347 118 
337 132 
352 118 
337 135 
355 118 
337 138 
358 119 
338 141 
360 122 
338 144 
362 124 
339 146 
364 126 
339 149 
366 128 
340 152 
368 130 
341 154 
370 133 
341 156 
342 159 
370 140 
343 161 
371 143 
378 138 
343 164 
373 145 
381 140 
344 166 
374 148 
382 143 
344 168 
375 150 
384 145 
345 170 
376 153 
386 147 
346 172 
378 155 
388 150 
347 174 
379 158 
389 152 
347 177 
380 161 
391 155 
349 178 
380 164 
393 158 
349 181 
381 167 
394 161 
350 183 
382 169 
395 163 
351 185 
383 172 
396 166 
351 187 
384 175 
398 169 
352 189 
385 177 
399 172 
353 191 
386 179 
400 175 
354 193 
386 183 
401 178 
354 195 
387 185 
402 180 
355 197 
388 188 
403 184 
356 200 
388 191 
404 187 
357 202 
389 194 
405 190 
357 204 
390 196 
405 192 
358 206 
390 199 
406 196 
359 208 
391 202 
407 199 
360 210 
391 205 
407 202 
361 212 
392 208 
408 205 
362 214 
392 210 
408 208 
363 217 
392 213 
408 211 
364 219 
393 216 
408 214 
364 221 
393 219 
409 217 
365 223 
393 221 
408 220 
367 226 
394 224 
408 224 
368 228 
394 227 
408 227 
369 231 
394 230 
408 230 
46 242 
47 242 
242 49 
243 50 
50 209 
50 267 
51 202 
51 267 
264 52 
52 195 
52 267 
52 281 
272 53 
53 191 
53 267 
53 284 
177 54 
275 54 
54 185 
54 267 
54 291 
174 55 
55 182 
55 252 
55 267 
55 294 
170 56 
56 175 
56 205 
56 267 
56 298 
57 174 
57 200 
57 267 
57 300 
58 171 
58 195 
58 305 
59 169 
59 190 
59 307 
155 60 
297 60 
60 164 
60 185 
60 313 
61 162 
61 180 
61 315 
149 62 
62 158 
62 177 
62 317 
147 63 
63 155 
63 174 
63 319 
145 64 
64 151 
64 170 
64 320 
143 65 
65 150 
65 168 
65 321 
139 66 
314 66 
66 165 
66 321 
137 67 
315 67 
67 149 
67 162 
67 321 
135 68 
317 68 
68 148 
68 159 
68 322 
68 332 
318 69 
69 148 
69 156 
69 323 
69 334 
130 70 
320 70 
70 148 
70 323 
70 337 
128 71 
320 71 
71 147 
71 324 
71 338 
126 72 
321 72 
72 135 
72 324 
72 341 
125 73 
322 73 
73 133 
73 145 
73 325 
73 342 
323 74 
74 131 
74 144 
74 325 
74 344 
120 75 
324 75 
75 129 
75 326 
75 346 
119 76 
325 76 
76 127 
76 327 
76 349 
117 77 
326 77 
77 125 
77 327 
77 350 
115 78 
327 78 
78 123 
78 328 
78 352 
114 79 
328 79 
79 122 
79 328 
79 353 
112 80 
329 80 
80 120 
80 329 
80 355 
111 81 
330 81 
81 118 
81 200 
81 329 
81 357 
110 82 
331 82 
82 116 
82 277 
82 330 
82 358 
108 83 
332 83 
83 116 
83 190 
83 282 
83 331 
83 360 
107 84 
333 84 
84 115 
84 185 
84 331 
84 362 
106 85 
334 85 
85 114 
85 180 
85 292 
85 332 
85 363 
105 86 
334 86 
86 112 
86 175 
86 295 
86 332 
86 365 
105 87 
335 87 
87 112 
87 172 
87 298 
87 333 
87 366 
103 88 
336 88 
88 111 
88 169 
88 301 
88 333 
88 368 
102 89 
337 89 
89 164 
89 306 
89 334 
89 370 
102 90 
338 90 
90 161 
90 309 
90 334 
90 371 
101 91 
124 91 
339 91 
91 158 
91 312 
91 335 
91 373 
100 92 
123 92 
340 92 
92 102 
92 109 
92 155 
92 315 
92 335 
92 374 
99 93 
123 93 
341 93 
93 101 
93 109 
93 152 
93 318 
93 336 
93 375 
98 94 
122 94 
342 94 
94 99 
94 108 
94 149 
94 321 
94 336 
94 376 
97 95 
122 95 
342 95 
95 98 
95 107 
95 146 
95 324 
95 337 
95 377 
96 96 
114 96 
121 96 
343 96 
96 97 
96 106 
96 144 
96 327 
96 337 
96 378 
95 97 
112 97 
121 97 
344 97 
97 95 
97 106 
97 142 
97 329 
97 337 
97 379 
95 98 
110 98 
120 98 
345 98 
98 94 
98 105 
98 139 
98 380 
94 99 
108 99 
119 99 
345 99 
99 93 
99 104 
99 136 
99 337 
99 380 
93 100 
107 100 
119 100 
346 100 
100 92 
100 104 
100 134 
100 337 
100 381 
93 101 
105 101 
118 101 
347 101 
101 90 
101 103 
101 132 
101 338 
101 382 
92 102 
103 102 
117 102 
348 102 
102 89 
102 102 
102 130 
102 339 
102 383 
91 103 
102 103 
117 103 
349 103 
103 88 
103 102 
103 127 
103 340 
103 384 
90 104 
100 104 
116 104 
349 104 
104 86 
104 101 
104 125 
104 385 
89 105 
99 105 
115 105 
350 105 
105 86 
105 101 
105 123 
105 385 
97 106 
115 106 
351 106 
106 85 
106 100 
106 121 
106 386 
96 107 
114 107 
351 107 
107 84 
107 99 
107 119 
107 387 
113 108 
352 108 
108 83 
108 99 
108 117 
108 387 
113 109 
353 109 
109 83 
109 98 
109 116 
109 388 
91 110 
112 110 
354 110 
110 82 
110 98 
110 114 
110 389 
88 111 
111 111 
354 111 
111 81 
111 97 
111 112 
111 390 
87 112 
111 112 
355 112 
112 80 
112 96 
112 110 
112 390 
86 113 
110 113 
355 113 
113 80 
113 96 
113 109 
113 391 
85 114 
109 114 
356 114 
114 79 
114 96 
114 107 
114 392 
84 115 
109 115 
346 115 
357 115 
115 79 
115 95 
115 106 
115 392 
83 116 
108 116 
345 116 
116 78 
116 94 
116 104 
116 392 
82 117 
108 117 
348 117 
117 77 
117 103 
117 393 
82 118 
107 118 
118 77 
118 101 
118 394 
81 119 
107 119 
342 119 
354 119 
119 77 
119 100 
119 394 
80 120 
106 120 
341 120 
357 120 
120 76 
120 99 
120 394 
79 121 
106 121 
340 121 
359 121 
121 76 
121 97 
121 395 
78 122 
105 122 
339 122 
360 122 
122 75 
122 94 
122 396 
78 123 
105 123 
338 123 
362 123 
123 74 
123 93 
123 396 
78 124 
104 124 
337 124 
364 124 
124 73 
124 92 
124 396 
77 125 
104 125 
337 125 
365 125 
125 73 
125 91 
125 397 
76 126 
103 126 
337 126 
365 126 
126 72 
126 91 
126 397 
76 127 
103 127 
337 127 
366 127 
127 72 
127 398 
75 128 
102 128 
337 128 
367 128 
128 71 
128 398 
75 129 
102 129 
337 129 
368 129 
129 71 
129 399 
74 130 
101 130 
337 130 
371 130 
130 70 
130 399 
74 131 
101 131 
337 131 
372 131 
131 70 
131 399 
73 132 
101 132 
337 132 
367 132 
373 132 
132 400 
73 133 
100 133 
337 133 
367 133 
374 133 
133 400 
72 134 
100 134 
337 134 
368 134 
375 134 
134 68 
134 400 
72 135 
99 135 
337 135 
369 135 
377 135 
135 68 
135 401 
71 136 
99 136 
337 136 
369 136 
377 136 
136 67 
136 402 
71 137 
99 137 
337 137 
369 137 
378 137 
137 67 
137 402 
70 138 
98 138 
337 138 
370 138 
379 138 
138 66 
138 402 
70 139 
98 139 
338 139 
370 139 
380 139 
139 66 
139 402 
70 140 
97 140 
338 140 
371 140 
381 140 
140 66 
140 403 
69 141 
97 141 
338 141 
371 141 
381 141 
141 66 
141 403 
70 142 
97 142 
338 142 
372 142 
382 142 
142 404 
72 143 
96 143 
338 143 
372 143 
383 143 
143 404 
72 144 
96 144 
338 144 
372 144 
384 144 
144 64 
144 404 
71 145 
95 145 
338 145 
373 145 
384 145 
145 64 
145 404 
71 146 
95 146 
339 146 
373 146 
385 146 
146 64 
146 404 
71 147 
95 147 
339 147 
374 147 
385 147 
147 63 
147 405 
69 148 
94 148 
339 148 
374 148 
386 148 
148 63 
148 405 
67 149 
94 149 
339 149 
375 149 
387 149 
149 63 
149 405 
66 150 
93 150 
340 150 
375 150 
388 150 
150 62 
150 406 
66 151 
93 151 
340 151 
376 151 
389 151 
151 406 
93 152 
340 152 
376 152 
389 152 
152 406 
92 153 
341 153 
377 153 
389 153 
153 407 
69 154 
92 154 
341 154 
377 154 
390 154 
69 155 
91 155 
341 155 
377 155 
391 155 
155 407 
68 156 
91 156 
341 156 
378 156 
392 156 
156 408 
68 157 
91 157 
341 157 
379 157 
392 157 
157 408 
68 158 
91 158 
342 158 
379 158 
393 158 
158 408 
67 159 
90 159 
342 159 
379 159 
393 159 
159 409 
67 160 
90 160 
342 160 
379 160 
394 160 
160 409 
67 161 
90 161 
343 161 
380 161 
394 161 
161 409 
66 162 
89 162 
343 162 
380 162 
394 162 
162 409 
66 163 
89 163 
343 163 
380 163 
395 163 
163 409 
66 164 
89 164 
344 164 
381 164 
396 164 
164 410 
65 165 
89 165 
344 165 
381 165 
396 165 
165 410 
65 166 
88 166 
344 166 
381 166 
396 166 
166 410 
64 167 
88 167 
344 167 
382 167 
397 167 
167 411 
64 168 
88 168 
345 168 
382 168 
398 168 
168 411 
64 169 
87 169 
345 169 
383 169 
398 169 
169 411 
64 170 
87 170 
345 170 
383 170 
398 170 
170 56 
170 411 
63 171 
87 171 
346 171 
383 171 
399 171 
171 411 
63 172 
87 172 
346 172 
383 172 
399 172 
172 56 
172 412 
62 173 
86 173 
346 173 
383 173 
399 173 
173 412 
62 174 
86 174 
347 174 
384 174 
400 174 
174 55 
174 412 
62 175 
86 175 
347 175 
384 175 
400 175 
175 412 
62 176 
86 176 
348 176 
385 176 
401 176 
176 55 
176 412 
61 177 
85 177 
348 177 
385 177 
401 177 
177 54 
177 413 
61 178 
85 178 
348 178 
385 178 
401 178 
178 54 
178 413 
61 179 
85 179 
349 179 
385 179 
401 179 
179 54 
179 413 
61 180 
85 180 
349 180 
386 180 
402 180 
180 54 
180 413 
60 181 
84 181 
349 181 
386 181 
402 181 
181 54 
181 413 
60 182 
84 182 
350 182 
386 182 
402 182 
182 53 
182 414 
60 183 
84 183 
350 183 
387 183 
403 183 
183 53 
183 414 
60 184 
84 184 
350 184 
387 184 
403 184 
184 53 
184 414 
59 185 
83 185 
351 185 
387 185 
403 185 
185 53 
185 414 
59 186 
83 186 
351 186 
387 186 
404 186 
186 52 
186 414 
59 187 
83 187 
351 187 
387 187 
404 187 
187 52 
187 414 
59 188 
83 188 
352 188 
388 188 
404 188 
188 52 
188 415 
59 189 
83 189 
352 189 
388 189 
405 189 
189 51 
189 415 
58 190 
83 190 
353 190 
388 190 
405 190 
190 51 
190 415 
58 191 
83 191 
353 191 
389 191 
405 191 
191 52 
191 415 
58 192 
83 192 
353 192 
389 192 
405 192 
192 52 
192 415 
58 193 
82 193 
353 193 
389 193 
406 193 
193 52 
193 415 
58 194 
82 194 
354 194 
389 194 
406 194 
194 52 
194 415 
57 195 
82 195 
354 195 
389 195 
406 195 
195 51 
195 415 
57 196 
81 196 
355 196 
390 196 
406 196 
196 51 
196 416 
57 197 
81 197 
355 197 
390 197 
407 197 
197 51 
197 416 
57 198 
81 198 
355 198 
390 198 
407 198 
198 51 
198 416 
57 199 
81 199 
356 199 
391 199 
407 199 
199 51 
199 416 
56 200 
81 200 
356 200 
391 200 
407 200 
200 51 
200 416 
56 201 
81 201 
356 201 
391 201 
407 201 
201 50 
201 416 
56 202 
81 202 
357 202 
391 202 
407 202 
202 50 
202 416 
56 203 
81 203 
357 203 
391 203 
407 203 
203 50 
203 416 
56 204 
80 204 
357 204 
391 204 
408 204 
204 50 
204 416 
55 205 
80 205 
358 205 
391 205 
408 205 
205 51 
205 416 
55 206 
80 206 
358 206 
392 206 
408 206 
206 50 
206 416 
80 207 
359 207 
392 207 
408 207 
207 50 
207 416 
80 208 
359 208 
392 208 
408 208 
208 50 
208 416 
55 209 
80 209 
359 209 
392 209 
408 209 
209 50 
209 417 
80 210 
360 210 
392 210 
408 210 
210 50 
210 417 
79 211 
360 211 
392 211 
408 211 
211 50 
211 417 
79 212 
361 212 
392 212 
408 212 
212 50 
212 416 
79 213 
361 213 
393 213 
409 213 
213 50 
213 417 
54 214 
79 214 
361 214 
393 214 
408 214 
214 50 
214 417 
54 215 
79 215 
362 215 
393 215 
409 215 
215 50 
215 417 
54 216 
79 216 
362 216 
393 216 
408 216 
216 50 
216 417 
54 217 
79 217 
363 217 
393 217 
409 217 
217 50 
217 417 
54 218 
79 218 
363 218 
393 218 
408 218 
218 50 
218 417 
54 219 
79 219 
364 219 
393 219 
409 219 
219 50 
219 417 
54 220 
79 220 
364 220 
393 220 
408 220 
220 50 
220 417 
54 221 
79 221 
364 221 
393 221 
409 221 
221 49 
221 417 
54 222 
79 222 
365 222 
393 222 
408 222 
222 50 
222 417 
54 223 
79 223 
365 223 
393 223 
408 223 
223 50 
223 417 
54 224 
79 224 
366 224 
394 224 
408 224 
224 417 
54 225 
79 225 
366 225 
393 225 
408 225 
225 417 
54 226 
79 226 
367 226 
394 226 
408 226 
226 417 
54 227 
79 227 
367 227 
394 227 
408 227 
227 417 
54 228 
79 228 
368 228 
394 228 
408 228 
228 50 
228 417 
54 229 
79 229 
368 229 
394 229 
407 229 
229 417 
54 230 
79 230 
369 230 
394 230 
408 230 
230 49 
230 417 
54 231 
79 231 
369 231 
394 231 
407 231 
231 417 
54 232 
79 232 
369 232 
394 232 
407 232 
232 416 
54 233 
79 233 
370 233 
395 233 
407 233 
233 417 
54 234 
78 234 
370 234 
395 234 
407 234 
234 417 
54 235 
79 235 
371 235 
395 235 
407 235 
235 50 
235 417 
54 236 
79 236 
371 236 
395 236 
407 236 
236 50 
236 416 
54 237 
79 237 
372 237 
395 237 
407 237 
237 416 
54 238 
79 238 
372 238 
395 238 
406 238 
238 416 
47 239 
54 239 
79 239 
373 239 
395 239 
406 239 
239 416 
54 240 
79 240 
373 240 
395 240 
406 240 
240 416 
54 241 
79 241 
374 241 
395 241 
405 241 
241 416 
54 242 
79 242 
374 242 
395 242 
405 242 
242 50 
242 416 
54 243 
79 243 
375 243 
395 243 
405 243 
243 50 
243 416 
54 244 
79 244 
376 244 
395 244 
404 244 
244 50 
244 416 
47 245 
54 245 
79 245 
376 245 
395 245 
404 245 
245 416 
54 246 
79 246 
377 246 
395 246 
404 246 
246 416 
54 247 
79 247 
378 247 
395 247 
403 247 
247 415 
54 248 
79 248 
378 248 
395 248 
403 248 
248 415 
54 249 
79 249 
379 249 
395 249 
402 249 
249 415 
54 250 
79 250 
380 250 
401 250 
250 415 
54 251 
79 251 
380 251 
401 251 
251 415 
54 252 
79 252 
381 252 
400 252 
252 415 
55 253 
79 253 
382 253 
398 253 
253 415 
54 254 
79 254 
383 254 
397 254 
254 414 
54 255 
79 255 
384 255 
397 255 
255 415 
54 256 
80 256 
256 414 
54 257 
80 257 
394 257 
257 414 
54 258 
80 258 
393 258 
258 414 
49 259 
55 259 
80 259 
392 259 
259 414 
49 260 
54 260 
80 260 
393 260 
260 414 
55 261 
80 261 
393 261 
261 413 
55 262 
80 262 
394 262 
262 413 
55 263 
80 263 
394 263 
263 413 
54 264 
80 264 
394 264 
264 413 
80 265 
394 265 
265 413 
52 266 
80 266 
394 266 
266 413 
52 267 
81 267 
393 267 
267 412 
53 268 
81 268 
394 268 
268 412 
52 269 
81 269 
393 269 
269 412 
52 270 
81 270 
393 270 
270 412 
50 271 
81 271 
393 271 
271 411 
50 272 
81 272 
393 272 
272 411 
50 273 
81 273 
393 273 
273 411 
50 274 
81 274 
393 274 
274 411 
51 275 
82 275 
393 275 
275 411 
51 276 
82 276 
393 276 
276 410 
51 277 
82 277 
393 277 
277 410 
51 278 
82 278 
392 278 
278 410 
51 279 
82 279 
392 279 
279 409 
51 280 
83 280 
392 280 
280 409 
51 281 
83 281 
392 281 
281 409 
52 282 
83 282 
392 282 
282 409 
52 283 
83 283 
392 283 
283 408 
52 284 
83 284 
391 284 
284 408 
53 285 
83 285 
391 285 
285 408 
53 286 
84 286 
391 286 
286 407 
53 287 
84 287 
391 287 
287 407 
53 288 
84 288 
391 288 
288 407 
53 289 
85 289 
391 289 
289 407 
54 290 
85 290 
391 290 
290 406 
54 291 
85 291 
391 291 
291 406 
54 292 
85 292 
390 292 
292 406 
54 293 
85 293 
390 293 
293 405 
54 294 
86 294 
390 294 
294 405 
55 295 
86 295 
390 295 
295 405 
55 296 
86 296 
390 296 
296 404 
55 297 
86 297 
389 297 
297 404 
56 298 
87 298 
389 298 
298 404 
56 299 
87 299 
389 299 
299 403 
56 300 
87 300 
389 300 
300 403 
57 301 
87 301 
389 301 
301 403 
57 302 
88 302 
388 302 
302 402 
57 303 
88 303 
388 303 
303 402 
58 304 
88 304 
388 304 
304 402 
58 305 
89 305 
387 305 
305 402 
58 306 
89 306 
387 306 
306 402 
58 307 
89 307 
387 307 
307 402 
58 308 
90 308 
387 308 
308 401 
59 309 
90 309 
386 309 
309 400 
59 310 
90 310 
386 310 
310 399 
59 311 
91 311 
386 311 
311 398 
60 312 
91 312 
385 312 
312 398 
60 313 
91 313 
385 313 
313 397 
60 314 
91 314 
385 314 
314 68 
314 397 
61 315 
92 315 
385 315 
315 68 
315 397 
62 316 
92 316 
384 316 
316 69 
316 396 
62 317 
93 317 
384 317 
317 69 
317 396 
63 318 
93 318 
384 318 
318 70 
318 396 
64 319 
93 319 
384 319 
319 71 
319 395 
65 320 
93 320 
383 320 
320 71 
320 395 
66 321 
94 321 
383 321 
321 72 
321 394 
67 322 
94 322 
383 322 
322 73 
322 394 
70 323 
95 323 
383 323 
323 74 
323 393 
72 324 
95 324 
382 324 
324 75 
324 393 
74 325 
95 325 
382 325 
325 76 
325 393 
75 326 
96 326 
382 326 
404 326 
326 77 
326 392 
66 327 
78 327 
96 327 
381 327 
327 79 
327 391 
66 328 
79 328 
96 328 
381 328 
328 79 
328 391 
67 329 
80 329 
97 329 
381 329 
402 329 
329 80 
329 390 
67 330 
83 330 
97 330 
380 330 
330 81 
330 390 
67 331 
84 331 
97 331 
379 331 
331 82 
331 389 
68 332 
86 332 
98 332 
379 332 
400 332 
332 84 
332 388 
68 333 
88 333 
98 333 
379 333 
399 333 
333 85 
333 388 
69 334 
89 334 
99 334 
378 334 
398 334 
334 85 
334 388 
69 335 
92 335 
378 335 
397 335 
335 87 
335 387 
70 336 
95 336 
378 336 
396 336 
336 88 
336 386 
70 337 
98 337 
377 337 
396 337 
337 89 
337 138 
337 386 
70 338 
99 338 
377 338 
394 338 
338 90 
338 385 
71 339 
100 339 
377 339 
393 339 
339 91 
339 122 
339 147 
339 385 
72 340 
101 340 
376 340 
393 340 
340 92 
340 121 
340 153 
340 384 
72 341 
102 341 
375 341 
392 341 
341 93 
341 120 
341 156 
341 384 
72 342 
375 342 
391 342 
342 95 
342 119 
342 159 
342 383 
73 343 
375 343 
390 343 
343 96 
343 118 
343 162 
343 382 
73 344 
374 344 
389 344 
344 97 
344 118 
344 167 
344 381 
74 345 
374 345 
388 345 
345 98 
345 117 
345 168 
345 381 
74 346 
373 346 
387 346 
346 100 
346 117 
346 173 
346 380 
75 347 
373 347 
386 347 
347 101 
347 117 
347 174 
347 379 
75 348 
372 348 
386 348 
348 102 
348 117 
348 177 
348 379 
76 349 
372 349 
385 349 
349 104 
349 117 
349 178 
349 378 
77 350 
372 350 
384 350 
350 105 
350 118 
350 183 
350 378 
77 351 
371 351 
383 351 
351 107 
351 118 
351 184 
351 377 
78 352 
371 352 
382 352 
352 108 
352 118 
352 189 
352 376 
79 353 
371 353 
381 353 
353 109 
353 119 
353 190 
353 375 
79 354 
370 354 
380 354 
354 111 
354 119 
354 195 
354 374 
80 355 
369 355 
379 355 
355 119 
355 196 
355 374 
80 356 
369 356 
378 356 
356 119 
356 201 
356 373 
81 357 
369 357 
377 357 
357 119 
357 202 
357 373 
82 358 
368 358 
358 119 
358 205 
358 372 
82 359 
368 359 
359 120 
359 206 
359 371 
83 360 
367 360 
360 121 
360 211 
360 370 
83 361 
367 361 
361 121 
361 212 
361 369 
84 362 
367 362 
362 123 
362 215 
362 368 
85 363 
367 363 
363 125 
363 217 
363 367 
85 364 
366 364 
364 125 
364 221 
364 366 
86 365 
365 365 
365 126 
365 222 
365 365 
87 366 
365 366 
366 128 
366 225 
366 364 
87 367 
364 367 
367 128 
367 226 
367 361 
88 368 
363 368 
368 134 
368 229 
368 359 
89 369 
362 369 
369 136 
369 230 
369 356 
90 370 
361 370 
370 129 
370 138 
370 233 
370 355 
90 371 
360 371 
371 130 
371 140 
371 236 
371 352 
91 372 
358 372 
372 131 
372 142 
372 237 
372 350 
92 373 
357 373 
373 132 
373 144 
373 239 
373 348 
373 360 
93 374 
355 374 
374 133 
374 146 
374 241 
374 346 
374 359 
94 375 
354 375 
375 133 
375 148 
375 242 
375 343 
375 358 
95 376 
352 376 
376 134 
376 151 
376 245 
376 342 
376 357 
96 377 
351 377 
377 136 
377 153 
377 246 
377 338 
377 356 
97 378 
350 378 
378 137 
378 156 
378 247 
378 336 
378 356 
98 379 
348 379 
379 138 
379 158 
379 250 
379 333 
379 355 
99 380 
347 380 
380 139 
380 160 
380 251 
380 332 
380 354 
100 381 
345 381 
381 140 
381 164 
381 252 
381 328 
381 353 
100 382 
344 382 
382 142 
382 166 
382 253 
382 326 
382 352 
102 383 
342 383 
383 143 
383 170 
383 254 
383 323 
383 351 
103 384 
340 384 
384 144 
384 172 
384 255 
384 320 
384 350 
105 385 
339 385 
385 146 
385 176 
385 256 
385 316 
385 349 
106 386 
337 386 
386 147 
386 179 
386 256 
386 313 
386 348 
107 387 
335 387 
387 149 
387 182 
387 257 
387 308 
387 347 
108 388 
334 388 
388 150 
388 187 
388 257 
388 305 
388 346 
109 389 
332 389 
389 152 
389 190 
389 258 
389 300 
389 344 
111 390 
330 390 
390 153 
390 195 
390 258 
390 297 
390 343 
113 391 
328 391 
391 155 
391 200 
391 258 
391 290 
391 342 
115 392 
326 392 
392 156 
392 207 
392 258 
392 285 
392 341 
117 393 
324 393 
393 158 
393 214 
393 258 
393 276 
393 340 
119 394 
323 394 
394 160 
394 223 
394 258 
394 269 
394 339 
122 395 
320 395 
395 162 
395 338 
124 396 
318 396 
396 165 
396 255 
126 397 
315 397 
397 167 
397 256 
129 398 
313 398 
398 169 
398 255 
398 334 
131 399 
311 399 
399 171 
399 254 
133 400 
307 400 
400 173 
400 253 
137 401 
305 401 
401 175 
401 252 
139 402 
304 402 
402 178 
402 250 
402 330 
142 403 
302 403 
403 184 
403 248 
403 329 
143 404 
300 404 
404 185 
404 246 
404 328 
148 405 
295 405 
405 188 
405 244 
405 326 
150 406 
293 406 
406 193 
406 241 
155 407 
289 407 
407 196 
407 238 
157 408 
286 408 
408 235 
162 409 
281 409 
409 224 
165 410 
279 410 
170 411 
274 411 
173 412 
269 412 
180 413 
264 413 
183 414 
261 414 
252 415 
239 416 
238 417 
225 418 
