391 238 
419 238 
434 238 
392 240 
419 240 
434 241 
392 243 
419 244 
433 244 
393 246 
419 247 
433 247 
394 248 
419 250 
432 251 
395 251 
419 253 
431 254 
396 254 
419 256 
430 258 
396 257 
419 259 
429 261 
398 260 
418 263 
427 264 
400 263 
418 266 
425 267 
402 266 
423 270 
403 270 
420 273 
414 278 
414 282 
415 285 
414 288 
413 291 
412 294 
412 298 
411 300 
410 304 
409 307 
408 310 
407 313 
406 316 
405 319 
404 322 
403 326 
402 329 
401 331 
399 335 
398 338 
397 341 
396 344 
394 347 
407 356 
392 350 
405 360 
391 353 
402 362 
389 356 
387 358 
396 366 
385 361 
384 364 
382 368 
381 372 
379 374 
377 377 
375 380 
372 382 
370 385 
366 386 
364 388 
361 390 
358 391 
355 393 
352 394 
348 396 
345 397 
342 399 
339 400 
336 401 
333 402 
330 404 
327 405 
323 406 
320 407 
317 408 
314 409 
311 410 
307 411 
304 411 
301 412 
298 413 
295 414 
291 414 
288 415 
285 415 
282 416 
279 416 
276 417 
272 417 
269 417 
266 418 
263 418 
259 418 
256 418 
253 418 
250 418 
247 418 
244 418 
240 418 
238 418 
235 418 
232 417 
228 417 
225 417 
222 416 
219 416 
216 416 
213 415 
209 415 
207 414 
203 414 
200 413 
197 413 
194 412 
191 411 
188 411 
185 410 
182 409 
178 408 
176 407 
173 406 
170 405 
166 404 
164 403 
161 401 
158 400 
155 399 
152 398 
149 397 
147 395 
143 394 
141 392 
138 391 
135 390 
132 388 
129 386 
126 385 
124 383 
121 381 
119 379 
117 377 
114 375 
111 373 
110 370 
106 365 
104 363 
102 360 
101 357 
99 355 
98 351 
97 348 
120 327 
114 332 
95 346 
119 325 
111 330 
94 343 
119 321 
108 329 
92 340 
118 319 
106 327 
91 337 
117 316 
103 325 
90 334 
116 314 
100 324 
89 331 
116 311 
98 322 
88 328 
95 320 
86 325 
115 306 
92 319 
114 304 
89 317 
114 301 
85 316 
113 299 
83 313 
82 310 
112 294 
81 307 
111 292 
80 305 
79 302 
111 286 
78 299 
110 284 
77 296 
77 293 
109 280 
76 290 
109 277 
76 287 
109 275 
75 284 
109 273 
74 282 
108 270 
74 279 
73 276 
108 265 
73 273 
108 263 
73 270 
108 260 
108 258 
75 263 
107 256 
73 261 
107 253 
79 257 
107 251 
78 254 
71 255 
107 249 
79 251 
71 252 
107 246 
79 248 
71 249 
107 244 
78 246 
71 246 
79 243 
71 243 
78 240 
70 240 
107 238 
78 238 
107 236 
78 235 
107 233 
78 232 
71 232 
107 231 
78 229 
71 229 
107 229 
78 227 
71 226 
107 226 
78 224 
71 223 
108 224 
79 221 
71 220 
108 222 
78 218 
71 217 
108 219 
79 215 
72 214 
108 217 
79 212 
72 211 
108 215 
79 210 
108 212 
80 207 
73 205 
109 210 
80 204 
73 202 
109 208 
81 201 
74 200 
109 205 
81 198 
110 203 
82 195 
75 193 
110 201 
82 193 
110 199 
83 190 
76 188 
111 196 
83 187 
77 185 
111 193 
84 184 
77 182 
111 191 
85 182 
78 180 
112 189 
85 179 
79 176 
112 187 
86 176 
113 184 
87 173 
113 182 
88 171 
114 180 
89 168 
114 177 
89 165 
115 174 
90 162 
116 172 
92 159 
116 169 
93 157 
117 167 
94 154 
88 150 
118 165 
94 151 
89 148 
118 162 
91 145 
119 160 
94 144 
120 158 
96 142 
121 155 
98 139 
122 153 
122 149 
97 131 
123 147 
98 128 
124 145 
100 126 
125 142 
102 123 
126 140 
103 120 
127 137 
104 117 
129 135 
106 114 
130 133 
108 112 
131 130 
110 109 
131 128 
111 107 
132 126 
113 105 
134 123 
116 103 
135 120 
136 118 
122 101 
138 115 
125 99 
139 112 
128 98 
122 91 
140 110 
131 97 
125 89 
142 107 
133 95 
126 86 
143 104 
136 94 
129 83 
145 101 
139 92 
131 80 
146 98 
133 78 
148 95 
136 76 
149 91 
139 75 
151 89 
141 73 
153 87 
145 71 
148 70 
151 68 
154 67 
157 66 
160 64 
166 62 
169 61 
173 60 
175 59 
185 56 
198 53 
205 51 
208 50 
211 50 
215 50 
218 49 
221 48 
225 48 
228 48 
231 47 
235 47 
238 47 
240 47 
244 47 
247 47 
251 47 
254 47 
257 48 
261 48 
264 48 
268 48 
271 48 
274 49 
278 49 
281 50 
285 50 
288 51 
291 51 
294 52 
304 54 
308 56 
311 57 
315 57 
347 70 
350 72 
353 74 
356 76 
358 79 
361 81 
362 84 
365 87 
367 89 
368 93 
372 95 
373 98 
375 100 
377 103 
378 106 
381 108 
383 111 
384 115 
386 117 
376 129 
388 120 
379 131 
374 138 
385 130 
372 143 
390 131 
372 147 
393 133 
396 135 
373 153 
398 137 
373 156 
400 140 
373 159 
401 143 
374 162 
406 144 
374 165 
375 167 
403 153 
411 149 
375 171 
405 156 
413 152 
375 173 
406 159 
415 155 
376 176 
407 162 
416 158 
376 178 
408 165 
418 160 
377 181 
409 168 
420 164 
378 184 
410 171 
421 167 
378 187 
411 175 
423 170 
379 188 
411 177 
424 173 
379 191 
412 181 
425 176 
380 194 
413 184 
427 180 
381 196 
414 187 
428 183 
382 198 
414 190 
429 186 
382 201 
415 193 
430 189 
383 204 
416 196 
431 193 
383 207 
416 200 
431 196 
384 209 
417 203 
432 200 
384 212 
417 206 
433 203 
385 214 
417 209 
433 207 
385 217 
418 212 
434 210 
386 220 
418 216 
434 214 
387 222 
419 219 
435 217 
387 225 
419 222 
435 221 
388 227 
419 225 
435 224 
389 230 
419 228 
435 227 
389 232 
419 231 
435 231 
390 235 
419 235 
434 234 
206 51 
293 52 
294 53 
304 54 
187 55 
305 55 
312 56 
313 57 
175 58 
315 58 
173 59 
318 59 
170 60 
323 60 
168 61 
324 61 
165 62 
330 63 
333 64 
156 65 
334 65 
154 66 
153 67 
150 68 
147 69 
348 69 
145 70 
348 70 
144 71 
349 71 
71 262 
142 72 
350 72 
72 207 
72 262 
72 271 
141 73 
352 73 
73 204 
73 262 
73 276 
139 74 
353 74 
74 197 
74 262 
74 283 
137 75 
354 75 
75 192 
75 262 
75 288 
136 76 
355 76 
76 187 
76 263 
76 293 
134 77 
355 77 
77 182 
77 262 
77 296 
133 78 
357 78 
78 177 
78 301 
132 79 
357 79 
79 175 
79 262 
79 307 
131 80 
357 80 
80 170 
80 203 
80 262 
80 309 
130 81 
358 81 
81 167 
81 198 
81 311 
129 82 
359 82 
82 165 
82 193 
82 313 
128 83 
360 83 
83 162 
83 188 
83 314 
128 84 
361 84 
84 159 
84 183 
84 314 
127 85 
362 85 
85 156 
85 180 
85 315 
126 86 
153 86 
363 86 
86 153 
86 175 
86 315 
86 327 
125 87 
152 87 
364 87 
87 150 
87 172 
87 316 
87 329 
124 88 
151 88 
365 88 
88 148 
88 169 
88 316 
88 333 
124 89 
151 89 
366 89 
89 146 
89 166 
89 317 
89 335 
123 90 
151 90 
367 90 
90 145 
90 162 
90 318 
90 337 
122 91 
142 91 
151 91 
367 91 
91 144 
91 160 
91 318 
91 340 
121 92 
140 92 
150 92 
368 92 
92 144 
92 157 
92 319 
92 342 
120 93 
138 93 
150 93 
369 93 
93 143 
93 154 
93 319 
93 344 
119 94 
136 94 
149 94 
370 94 
94 142 
94 151 
94 320 
94 346 
119 95 
134 95 
149 95 
370 95 
95 133 
95 321 
95 348 
118 96 
132 96 
148 96 
371 96 
96 131 
96 143 
96 321 
96 350 
117 97 
130 97 
147 97 
372 97 
97 129 
97 142 
97 322 
97 352 
116 98 
128 98 
147 98 
373 98 
98 127 
98 141 
98 323 
98 353 
116 99 
126 99 
146 99 
373 99 
99 125 
99 140 
99 323 
99 356 
115 100 
125 100 
146 100 
374 100 
100 123 
100 324 
100 358 
114 101 
123 101 
145 101 
375 101 
101 121 
101 325 
101 360 
114 102 
122 102 
144 102 
375 102 
102 120 
102 325 
102 361 
120 103 
144 103 
376 103 
103 118 
103 326 
103 363 
118 104 
143 104 
377 104 
104 116 
104 326 
104 365 
117 105 
143 105 
377 105 
105 115 
105 327 
105 366 
113 106 
142 106 
379 106 
106 113 
106 327 
112 107 
141 107 
379 107 
107 111 
107 328 
111 108 
141 108 
380 108 
108 110 
108 329 
110 109 
140 109 
381 109 
109 109 
109 329 
109 371 
109 110 
140 110 
381 110 
110 108 
110 330 
110 372 
108 111 
139 111 
382 111 
111 107 
111 193 
111 294 
111 330 
111 372 
107 112 
138 112 
383 112 
112 107 
112 191 
112 299 
112 331 
112 373 
106 113 
138 113 
383 113 
113 107 
113 182 
113 302 
113 331 
113 374 
106 114 
138 114 
384 114 
114 332 
114 376 
105 115 
137 115 
384 115 
115 99 
115 106 
115 174 
115 310 
115 333 
115 376 
104 116 
136 116 
385 116 
116 98 
116 106 
116 171 
116 315 
116 333 
116 377 
104 117 
136 117 
385 117 
117 97 
117 105 
117 166 
117 318 
117 334 
117 378 
103 118 
135 118 
386 118 
118 96 
118 104 
118 163 
118 334 
118 379 
103 119 
135 119 
387 119 
119 95 
119 104 
119 160 
119 380 
102 120 
134 120 
387 120 
120 93 
120 103 
120 157 
120 380 
102 121 
134 121 
388 121 
121 92 
121 103 
121 152 
121 334 
121 381 
101 122 
134 122 
388 122 
122 91 
122 102 
122 151 
122 335 
122 382 
101 123 
133 123 
389 123 
123 89 
123 101 
123 146 
123 336 
123 382 
100 124 
133 124 
389 124 
124 88 
124 100 
124 145 
124 337 
124 383 
99 125 
132 125 
383 125 
390 125 
125 87 
125 100 
125 142 
125 337 
125 384 
99 126 
132 126 
390 126 
126 85 
126 100 
126 141 
126 337 
126 385 
99 127 
131 127 
383 127 
127 84 
127 99 
127 137 
127 337 
127 385 
98 128 
131 128 
383 128 
128 83 
128 98 
128 135 
128 386 
97 129 
131 129 
129 82 
129 98 
129 132 
129 387 
97 130 
130 130 
389 130 
130 80 
130 97 
130 131 
130 387 
97 131 
130 131 
131 80 
131 97 
131 128 
131 388 
96 132 
129 132 
377 132 
391 132 
132 79 
132 96 
132 125 
132 388 
96 133 
129 133 
376 133 
392 133 
133 78 
133 95 
133 122 
133 389 
95 134 
129 134 
375 134 
393 134 
134 78 
134 95 
134 121 
134 389 
95 135 
128 135 
374 135 
396 135 
135 77 
135 95 
135 118 
135 390 
94 136 
128 136 
374 136 
397 136 
136 76 
136 94 
136 117 
136 390 
127 137 
374 137 
398 137 
137 76 
137 93 
137 114 
137 391 
127 138 
373 138 
398 138 
138 75 
138 93 
138 113 
138 391 
98 139 
127 139 
373 139 
399 139 
139 75 
139 93 
139 112 
139 392 
97 140 
126 140 
373 140 
400 140 
140 74 
140 92 
140 109 
140 392 
97 141 
126 141 
372 141 
401 141 
141 73 
141 91 
141 108 
141 393 
96 142 
125 142 
373 142 
402 142 
142 73 
142 91 
142 105 
142 393 
95 143 
125 143 
372 143 
403 143 
143 72 
143 91 
143 104 
143 394 
92 144 
124 144 
372 144 
405 144 
144 72 
144 90 
144 103 
144 394 
91 145 
124 145 
372 145 
405 145 
145 71 
145 90 
145 101 
145 395 
90 146 
124 146 
372 146 
146 71 
146 90 
146 99 
146 395 
89 147 
96 147 
123 147 
372 147 
147 70 
147 89 
147 98 
147 396 
96 148 
123 148 
372 148 
401 148 
409 148 
148 70 
148 96 
148 396 
88 149 
95 149 
123 149 
372 149 
401 149 
409 149 
149 94 
149 397 
88 150 
95 150 
122 150 
373 150 
402 150 
410 150 
150 68 
150 92 
150 397 
87 151 
95 151 
122 151 
372 151 
402 151 
411 151 
151 68 
151 90 
151 397 
87 152 
94 152 
121 152 
373 152 
403 152 
412 152 
152 68 
152 89 
152 398 
94 153 
121 153 
373 153 
403 153 
413 153 
153 67 
153 88 
153 399 
86 154 
93 154 
121 154 
373 154 
403 154 
413 154 
154 67 
154 87 
154 399 
86 155 
93 155 
121 155 
373 155 
404 155 
414 155 
155 66 
155 86 
155 399 
93 156 
120 156 
373 156 
404 156 
415 156 
156 66 
156 400 
85 157 
93 157 
120 157 
373 157 
405 157 
415 157 
157 400 
85 158 
92 158 
120 158 
373 158 
405 158 
416 158 
158 400 
92 159 
119 159 
374 159 
405 159 
416 159 
159 401 
84 160 
91 160 
119 160 
374 160 
406 160 
417 160 
160 64 
160 401 
91 161 
119 161 
374 161 
406 161 
418 161 
161 401 
83 162 
90 162 
118 162 
374 162 
407 162 
418 162 
162 402 
90 163 
118 163 
374 163 
407 163 
419 163 
163 402 
90 164 
118 164 
374 164 
407 164 
419 164 
164 403 
89 165 
118 165 
374 165 
408 165 
420 165 
165 62 
165 403 
89 166 
117 166 
374 166 
408 166 
421 166 
166 62 
166 403 
89 167 
117 167 
374 167 
408 167 
421 167 
167 62 
167 404 
88 168 
117 168 
375 168 
409 168 
421 168 
168 61 
168 404 
88 169 
117 169 
375 169 
409 169 
422 169 
169 61 
169 405 
81 170 
88 170 
116 170 
375 170 
409 170 
423 170 
170 61 
170 405 
87 171 
116 171 
375 171 
410 171 
423 171 
171 60 
171 405 
80 172 
87 172 
116 172 
375 172 
410 172 
423 172 
172 60 
172 406 
80 173 
87 173 
115 173 
376 173 
410 173 
424 173 
173 60 
173 406 
87 174 
115 174 
376 174 
411 174 
424 174 
174 59 
174 406 
79 175 
87 175 
115 175 
376 175 
411 175 
425 175 
175 59 
175 407 
79 176 
86 176 
115 176 
376 176 
411 176 
425 176 
176 407 
79 177 
86 177 
115 177 
376 177 
411 177 
425 177 
177 407 
78 178 
86 178 
114 178 
377 178 
411 178 
426 178 
178 408 
78 179 
85 179 
114 179 
377 179 
412 179 
426 179 
179 408 
78 180 
85 180 
114 180 
377 180 
412 180 
427 180 
180 408 
78 181 
85 181 
113 181 
377 181 
412 181 
427 181 
181 409 
78 182 
85 182 
113 182 
377 182 
413 182 
427 182 
182 409 
77 183 
85 183 
113 183 
378 183 
413 183 
428 183 
183 409 
77 184 
84 184 
113 184 
378 184 
413 184 
429 184 
184 410 
77 185 
84 185 
113 185 
378 185 
413 185 
428 185 
185 410 
77 186 
84 186 
112 186 
378 186 
413 186 
429 186 
186 410 
77 187 
83 187 
112 187 
378 187 
414 187 
429 187 
187 410 
76 188 
83 188 
112 188 
379 188 
414 188 
429 188 
188 411 
76 189 
83 189 
112 189 
379 189 
414 189 
430 189 
189 411 
76 190 
83 190 
112 190 
379 190 
414 190 
430 190 
190 411 
83 191 
112 191 
380 191 
415 191 
430 191 
191 411 
83 192 
111 192 
380 192 
415 192 
431 192 
192 411 
75 193 
83 193 
111 193 
380 193 
415 193 
431 193 
193 412 
75 194 
82 194 
111 194 
380 194 
415 194 
431 194 
194 412 
75 195 
82 195 
111 195 
380 195 
415 195 
431 195 
195 412 
75 196 
82 196 
111 196 
381 196 
416 196 
431 196 
196 412 
75 197 
81 197 
110 197 
381 197 
416 197 
431 197 
197 413 
74 198 
81 198 
110 198 
382 198 
416 198 
432 198 
198 53 
198 413 
74 199 
81 199 
110 199 
382 199 
416 199 
432 199 
199 53 
199 413 
74 200 
81 200 
110 200 
382 200 
416 200 
432 200 
200 52 
200 413 
74 201 
81 201 
110 201 
382 201 
416 201 
432 201 
201 52 
201 413 
81 202 
110 202 
382 202 
416 202 
433 202 
202 413 
73 203 
81 203 
109 203 
382 203 
417 203 
433 203 
203 52 
203 413 
73 204 
80 204 
109 204 
383 204 
417 204 
433 204 
204 414 
73 205 
80 205 
109 205 
383 205 
417 205 
433 205 
205 51 
205 414 
73 206 
80 206 
109 206 
383 206 
417 206 
433 206 
206 51 
206 414 
73 207 
80 207 
109 207 
384 207 
417 207 
434 207 
207 51 
207 414 
73 208 
80 208 
109 208 
384 208 
417 208 
434 208 
208 51 
208 415 
79 209 
109 209 
384 209 
417 209 
434 209 
209 51 
209 415 
79 210 
108 210 
384 210 
418 210 
434 210 
210 50 
210 415 
79 211 
108 211 
384 211 
418 211 
434 211 
211 50 
211 415 
72 212 
79 212 
108 212 
384 212 
418 212 
434 212 
212 50 
212 415 
72 213 
79 213 
108 213 
384 213 
418 213 
434 213 
213 50 
213 415 
72 214 
79 214 
108 214 
385 214 
418 214 
434 214 
214 50 
214 416 
79 215 
108 215 
385 215 
418 215 
434 215 
215 50 
215 416 
78 216 
108 216 
385 216 
418 216 
434 216 
216 49 
216 416 
71 217 
79 217 
108 217 
386 217 
418 217 
435 217 
217 49 
217 416 
71 218 
78 218 
108 218 
386 218 
419 218 
435 218 
218 49 
218 416 
71 219 
79 219 
108 219 
386 219 
419 219 
435 219 
219 49 
219 416 
78 220 
108 220 
386 220 
419 220 
435 220 
220 49 
220 416 
71 221 
79 221 
108 221 
386 221 
419 221 
435 221 
221 48 
221 416 
71 222 
78 222 
108 222 
387 222 
419 222 
435 222 
222 48 
222 416 
71 223 
79 223 
108 223 
387 223 
419 223 
435 223 
223 48 
223 417 
71 224 
78 224 
107 224 
387 224 
419 224 
435 224 
224 48 
224 417 
71 225 
79 225 
108 225 
387 225 
419 225 
435 225 
225 48 
225 417 
71 226 
78 226 
107 226 
388 226 
419 226 
435 226 
226 48 
226 417 
71 227 
79 227 
107 227 
388 227 
419 227 
435 227 
227 48 
227 417 
71 228 
78 228 
107 228 
388 228 
419 228 
435 228 
228 48 
228 417 
71 229 
79 229 
107 229 
388 229 
419 229 
435 229 
229 48 
229 417 
71 230 
78 230 
107 230 
389 230 
419 230 
435 230 
230 48 
230 417 
71 231 
79 231 
107 231 
389 231 
419 231 
435 231 
231 48 
231 417 
71 232 
78 232 
107 232 
389 232 
419 232 
435 232 
232 48 
232 418 
71 233 
78 233 
107 233 
390 233 
419 233 
435 233 
233 48 
233 418 
70 234 
78 234 
107 234 
390 234 
419 234 
435 234 
234 48 
234 418 
78 235 
107 235 
390 235 
419 235 
435 235 
235 48 
235 418 
78 236 
107 236 
391 236 
419 236 
434 236 
236 48 
236 418 
79 237 
107 237 
391 237 
419 237 
434 237 
237 48 
237 418 
78 238 
107 238 
391 238 
419 238 
434 238 
238 48 
238 418 
79 239 
107 239 
391 239 
419 239 
434 239 
239 48 
239 418 
70 240 
78 240 
107 240 
392 240 
419 240 
434 240 
240 48 
240 418 
71 241 
79 241 
107 241 
392 241 
419 241 
434 241 
241 48 
241 418 
71 242 
78 242 
107 242 
392 242 
419 242 
433 242 
242 48 
242 418 
71 243 
79 243 
107 243 
392 243 
419 243 
433 243 
243 48 
71 244 
78 244 
107 244 
393 244 
419 244 
433 244 
244 48 
244 418 
71 245 
79 245 
107 245 
393 245 
419 245 
433 245 
245 48 
245 418 
71 246 
78 246 
107 246 
393 246 
419 246 
433 246 
246 48 
246 418 
71 247 
79 247 
107 247 
394 247 
419 247 
433 247 
247 48 
247 418 
71 248 
78 248 
107 248 
394 248 
419 248 
433 248 
248 48 
248 418 
71 249 
79 249 
107 249 
394 249 
419 249 
432 249 
249 48 
249 418 
71 250 
78 250 
107 250 
395 250 
419 250 
432 250 
250 47 
250 418 
71 251 
79 251 
107 251 
395 251 
419 251 
432 251 
251 47 
251 418 
71 252 
78 252 
107 252 
395 252 
419 252 
431 252 
252 48 
252 418 
71 253 
79 253 
107 253 
396 253 
419 253 
431 253 
253 48 
253 418 
71 254 
79 254 
107 254 
396 254 
419 254 
431 254 
254 48 
254 418 
71 255 
79 255 
108 255 
396 255 
419 255 
431 255 
255 48 
255 418 
79 256 
107 256 
396 256 
419 256 
430 256 
256 48 
256 418 
71 257 
79 257 
108 257 
397 257 
419 257 
430 257 
257 48 
257 418 
72 258 
78 258 
108 258 
397 258 
419 258 
429 258 
258 48 
258 418 
72 259 
78 259 
108 259 
398 259 
419 259 
429 259 
259 48 
259 418 
108 260 
398 260 
419 260 
429 260 
260 48 
260 418 
76 261 
108 261 
398 261 
418 261 
429 261 
261 48 
261 418 
76 262 
108 262 
399 262 
418 262 
428 262 
262 48 
262 418 
76 263 
108 263 
400 263 
418 263 
427 263 
263 48 
263 418 
108 264 
400 264 
418 264 
427 264 
264 48 
264 418 
108 265 
400 265 
418 265 
427 265 
265 48 
265 418 
108 266 
401 266 
418 266 
426 266 
266 48 
266 418 
73 267 
108 267 
402 267 
418 267 
426 267 
267 48 
267 417 
72 268 
108 268 
402 268 
425 268 
268 48 
268 417 
73 269 
108 269 
402 269 
424 269 
269 48 
269 417 
73 270 
108 270 
403 270 
423 270 
270 48 
270 417 
73 271 
108 271 
404 271 
422 271 
271 49 
271 417 
73 272 
109 272 
405 272 
421 272 
272 49 
272 417 
73 273 
109 273 
406 273 
420 273 
273 49 
273 417 
73 274 
109 274 
407 274 
419 274 
274 49 
274 417 
73 275 
109 275 
275 49 
275 417 
74 276 
109 276 
276 49 
276 417 
74 277 
109 277 
416 277 
277 50 
277 416 
74 278 
109 278 
415 278 
278 50 
278 416 
74 279 
109 279 
414 279 
279 50 
279 416 
74 280 
110 280 
413 280 
280 50 
280 416 
74 281 
110 281 
414 281 
281 50 
281 416 
74 282 
110 282 
415 282 
282 50 
282 416 
75 283 
110 283 
415 283 
283 50 
283 416 
75 284 
110 284 
415 284 
284 50 
284 416 
75 285 
110 285 
415 285 
285 51 
285 415 
75 286 
110 286 
414 286 
286 51 
286 415 
75 287 
111 287 
414 287 
287 51 
287 415 
76 288 
111 288 
414 288 
288 51 
288 415 
76 289 
111 289 
414 289 
289 52 
289 415 
76 290 
111 290 
413 290 
290 415 
76 291 
111 291 
413 291 
291 52 
291 415 
77 292 
111 292 
413 292 
292 52 
292 414 
77 293 
112 293 
413 293 
293 52 
293 414 
77 294 
112 294 
412 294 
294 52 
294 414 
77 295 
112 295 
412 295 
295 52 
295 414 
77 296 
112 296 
412 296 
296 52 
296 413 
77 297 
112 297 
412 297 
297 413 
78 298 
113 298 
412 298 
298 413 
78 299 
113 299 
411 299 
299 413 
78 300 
113 300 
411 300 
300 413 
79 301 
113 301 
411 301 
301 412 
79 302 
114 302 
411 302 
302 412 
79 303 
114 303 
410 303 
303 412 
79 304 
114 304 
410 304 
304 412 
79 305 
114 305 
410 305 
305 55 
305 412 
80 306 
115 306 
409 306 
306 411 
80 307 
115 307 
409 307 
307 411 
80 308 
115 308 
409 308 
308 411 
81 309 
115 309 
409 309 
309 56 
309 411 
81 310 
115 310 
408 310 
310 56 
310 410 
82 311 
116 311 
408 311 
311 410 
82 312 
116 312 
408 312 
312 410 
83 313 
116 313 
407 313 
313 57 
313 409 
84 314 
116 314 
407 314 
314 57 
314 409 
86 315 
117 315 
407 315 
315 57 
315 409 
87 316 
117 316 
406 316 
316 58 
316 409 
89 317 
117 317 
406 317 
317 408 
91 318 
117 318 
406 318 
318 408 
92 319 
118 319 
405 319 
319 408 
84 320 
93 320 
118 320 
405 320 
320 407 
85 321 
96 321 
118 321 
405 321 
321 407 
85 322 
97 322 
119 322 
404 322 
322 406 
85 323 
98 323 
119 323 
404 323 
323 406 
86 324 
100 324 
119 324 
403 324 
324 406 
86 325 
102 325 
119 325 
403 325 
325 405 
86 326 
103 326 
120 326 
403 326 
326 405 
87 327 
106 327 
120 327 
402 327 
327 405 
87 328 
107 328 
120 328 
402 328 
328 405 
87 329 
108 329 
121 329 
401 329 
329 404 
88 330 
111 330 
121 330 
401 330 
330 404 
88 331 
112 331 
121 331 
401 331 
331 403 
89 332 
400 332 
332 403 
89 333 
400 333 
333 403 
89 334 
120 334 
399 334 
334 402 
90 335 
120 335 
399 335 
335 402 
90 336 
121 336 
399 336 
336 401 
91 337 
122 337 
398 337 
337 401 
91 338 
123 338 
398 338 
338 401 
91 339 
124 339 
397 339 
339 400 
92 340 
125 340 
397 340 
340 400 
92 341 
396 341 
341 399 
93 342 
396 342 
342 399 
93 343 
395 343 
343 398 
94 344 
395 344 
344 398 
94 345 
395 345 
419 345 
345 398 
95 346 
394 346 
418 346 
346 397 
95 347 
394 347 
417 347 
347 71 
347 397 
96 348 
393 348 
415 348 
348 71 
348 396 
96 349 
393 349 
415 349 
349 72 
349 396 
97 350 
392 350 
414 350 
350 72 
350 395 
97 351 
392 351 
413 351 
351 73 
351 395 
98 352 
391 352 
412 352 
352 74 
352 394 
98 353 
390 353 
411 353 
353 75 
353 393 
99 354 
390 354 
410 354 
354 76 
354 393 
99 355 
389 355 
408 355 
355 77 
355 393 
100 356 
389 356 
407 356 
356 77 
356 392 
100 357 
388 357 
406 357 
357 78 
357 392 
101 358 
387 358 
405 358 
358 80 
358 391 
101 359 
387 359 
404 359 
359 391 
102 360 
387 360 
403 360 
360 83 
360 390 
103 361 
386 361 
402 361 
361 84 
361 390 
103 362 
385 362 
401 362 
362 389 
104 363 
385 363 
400 363 
363 389 
104 364 
384 364 
399 364 
364 388 
105 365 
383 365 
397 365 
365 89 
365 387 
106 366 
383 366 
396 366 
366 90 
366 387 
382 367 
394 367 
367 91 
367 386 
382 368 
393 368 
368 92 
368 385 
381 369 
392 369 
369 94 
369 146 
369 385 
109 370 
381 370 
391 370 
370 95 
370 384 
110 371 
380 371 
390 371 
371 97 
371 383 
111 372 
379 372 
389 372 
372 98 
372 382 
111 373 
379 373 
373 100 
373 382 
112 374 
378 374 
374 101 
374 381 
114 375 
375 102 
375 380 
115 376 
378 376 
376 103 
376 135 
376 379 
116 377 
378 377 
377 105 
377 132 
377 184 
377 378 
117 378 
376 378 
378 106 
378 131 
378 375 
118 379 
375 379 
379 108 
379 130 
379 192 
119 380 
375 380 
380 109 
380 130 
380 370 
120 381 
373 381 
381 111 
381 130 
381 200 
381 368 
121 382 
373 382 
382 112 
382 130 
382 208 
382 367 
122 383 
372 383 
383 114 
383 130 
383 208 
383 366 
124 384 
371 384 
384 115 
384 129 
384 364 
126 385 
369 385 
385 117 
385 130 
385 218 
385 362 
128 386 
368 386 
386 119 
386 130 
386 225 
386 360 
386 374 
129 387 
366 387 
387 130 
387 226 
387 359 
387 373 
131 388 
364 388 
388 130 
388 233 
388 357 
388 373 
133 389 
362 389 
389 131 
389 234 
389 356 
389 372 
135 390 
361 390 
390 131 
390 241 
390 354 
390 371 
137 391 
358 391 
391 131 
391 242 
391 352 
391 371 
139 392 
356 392 
392 132 
392 350 
392 370 
141 393 
354 393 
393 132 
393 248 
393 348 
393 369 
142 394 
352 394 
394 133 
394 347 
394 368 
145 395 
349 395 
395 134 
395 254 
395 344 
395 367 
147 396 
348 396 
396 136 
396 340 
396 366 
149 397 
345 397 
397 137 
397 260 
397 338 
397 365 
151 398 
344 398 
398 138 
398 263 
398 336 
398 364 
154 399 
342 399 
399 139 
399 264 
399 334 
399 364 
156 400 
339 400 
400 139 
400 268 
400 332 
400 363 
159 401 
337 401 
401 140 
401 268 
401 330 
401 362 
161 402 
335 402 
402 141 
402 272 
402 327 
402 361 
164 403 
331 403 
403 143 
403 154 
403 272 
403 324 
403 360 
167 404 
329 404 
404 143 
404 157 
404 274 
404 322 
404 359 
170 405 
327 405 
405 144 
405 160 
405 274 
405 318 
405 359 
172 406 
325 406 
406 145 
406 162 
406 276 
406 317 
406 358 
176 407 
322 407 
407 146 
407 166 
407 276 
407 312 
407 357 
178 408 
317 408 
408 147 
408 167 
408 277 
408 310 
408 356 
182 409 
314 409 
409 149 
409 172 
409 278 
409 306 
409 355 
185 410 
410 150 
410 175 
410 278 
410 303 
410 354 
190 411 
304 411 
411 151 
411 180 
411 278 
411 297 
411 353 
192 412 
303 412 
412 153 
412 181 
412 278 
412 294 
412 352 
198 413 
302 413 
413 154 
413 188 
413 278 
413 351 
203 414 
299 414 
414 156 
414 191 
414 279 
414 350 
208 415 
415 158 
415 279 
215 416 
234 416 
283 416 
416 158 
416 277 
234 417 
417 161 
235 418 
418 163 
234 419 
419 164 
419 274 
420 166 
420 274 
421 274 
422 171 
422 273 
423 172 
423 271 
424 173 
424 269 
425 268 
426 266 
427 185 
427 264 
428 186 
428 261 
429 188 
429 259 
430 257 
431 256 
432 203 
432 245 
433 243 
434 243 
