389 242 
424 242 
440 242 
390 244 
423 245 
440 245 
390 247 
423 248 
439 249 
390 249 
423 251 
439 252 
390 252 
423 254 
438 255 
391 255 
422 258 
437 259 
391 257 
422 261 
437 262 
391 260 
421 264 
436 266 
392 263 
421 267 
435 269 
392 265 
421 270 
434 272 
394 268 
420 273 
433 275 
394 271 
420 276 
431 279 
394 274 
419 279 
430 282 
394 277 
419 283 
428 285 
396 280 
419 286 
426 288 
396 283 
397 286 
422 293 
398 289 
419 296 
400 293 
417 298 
412 307 
411 310 
410 313 
409 316 
408 320 
407 322 
406 326 
405 328 
403 331 
402 334 
401 338 
400 340 
398 343 
397 346 
395 349 
394 353 
392 355 
391 358 
389 361 
387 364 
398 373 
386 367 
384 370 
382 373 
380 376 
378 378 
376 380 
375 384 
373 387 
371 391 
368 392 
365 394 
363 397 
360 399 
357 400 
354 402 
350 403 
348 405 
344 406 
341 407 
338 408 
335 410 
331 411 
329 412 
325 413 
322 414 
319 416 
316 417 
312 418 
310 419 
306 419 
303 420 
300 421 
296 421 
293 422 
290 423 
287 423 
284 424 
281 425 
277 425 
274 425 
271 425 
268 426 
264 426 
261 426 
258 426 
255 427 
251 426 
248 426 
245 427 
242 426 
238 426 
235 426 
232 426 
228 425 
225 425 
222 425 
219 425 
216 424 
213 424 
209 423 
206 423 
203 422 
200 421 
196 421 
193 420 
191 420 
187 419 
184 418 
181 417 
178 416 
175 415 
172 414 
169 413 
165 412 
162 411 
160 410 
156 409 
153 408 
150 406 
147 405 
144 403 
141 403 
138 400 
135 399 
132 398 
129 396 
126 395 
123 393 
120 391 
117 389 
115 387 
112 385 
110 382 
107 380 
106 378 
104 376 
124 352 
102 373 
122 350 
100 370 
119 349 
98 367 
120 345 
97 364 
95 361 
118 339 
111 344 
93 358 
117 336 
107 343 
91 355 
105 342 
90 353 
116 330 
102 340 
89 349 
99 338 
87 346 
114 325 
97 336 
86 343 
113 322 
94 334 
85 340 
113 319 
92 332 
83 338 
89 330 
82 334 
111 315 
85 329 
110 312 
81 327 
80 325 
109 306 
78 322 
109 304 
76 320 
108 302 
75 316 
108 298 
74 313 
107 296 
73 310 
107 294 
73 307 
106 291 
72 303 
106 289 
71 301 
105 286 
70 297 
105 284 
70 294 
105 281 
69 291 
104 279 
68 288 
68 285 
67 282 
67 279 
104 266 
68 272 
103 263 
73 268 
66 269 
103 261 
73 266 
65 267 
103 259 
73 262 
65 263 
103 256 
72 259 
65 260 
103 254 
72 257 
64 257 
103 251 
72 254 
64 254 
103 249 
72 251 
64 251 
103 247 
72 248 
64 248 
103 244 
72 245 
103 242 
72 242 
63 242 
72 238 
64 238 
103 236 
71 235 
64 235 
103 234 
71 232 
64 232 
103 232 
71 229 
64 229 
103 229 
71 226 
64 226 
103 227 
71 223 
64 223 
103 224 
72 220 
65 220 
103 222 
72 217 
65 216 
104 220 
73 215 
65 213 
104 217 
73 212 
65 210 
104 214 
73 208 
66 207 
104 212 
74 206 
67 204 
105 210 
74 203 
67 201 
105 207 
75 199 
67 197 
105 205 
75 196 
68 195 
106 203 
76 194 
69 192 
106 200 
76 191 
69 189 
107 198 
77 188 
70 186 
107 195 
78 185 
71 182 
107 192 
78 182 
72 180 
108 190 
79 178 
72 176 
108 187 
80 176 
73 173 
109 185 
80 173 
110 182 
81 169 
110 179 
82 166 
76 164 
111 178 
83 164 
77 161 
112 175 
85 161 
78 157 
112 172 
85 158 
79 155 
113 170 
87 155 
80 151 
114 167 
88 152 
82 148 
114 164 
83 145 
115 162 
85 143 
116 159 
90 142 
117 157 
92 140 
118 154 
119 151 
90 130 
119 149 
92 128 
120 146 
93 125 
121 143 
95 122 
123 141 
96 118 
124 139 
98 116 
125 136 
100 113 
126 133 
101 109 
127 130 
104 107 
128 127 
105 104 
129 126 
106 103 
130 123 
109 101 
131 120 
112 99 
133 117 
115 97 
134 115 
136 112 
122 95 
116 88 
137 109 
125 93 
118 85 
139 106 
128 92 
121 82 
141 104 
130 90 
123 80 
143 101 
134 89 
126 77 
144 98 
137 87 
128 74 
146 96 
140 86 
131 72 
148 93 
143 85 
133 69 
150 90 
136 67 
151 87 
139 66 
153 83 
142 63 
146 62 
149 61 
152 59 
155 58 
159 57 
162 55 
165 53 
168 53 
172 52 
176 51 
179 50 
182 49 
186 48 
189 48 
192 47 
196 46 
199 45 
203 45 
206 44 
210 43 
213 43 
217 43 
220 42 
224 42 
227 42 
231 41 
234 41 
238 42 
242 42 
245 41 
249 41 
252 42 
256 42 
259 42 
263 43 
266 43 
270 43 
273 44 
277 44 
280 44 
284 45 
287 46 
291 46 
294 48 
297 48 
301 49 
304 50 
307 51 
311 52 
315 53 
317 54 
324 57 
328 58 
331 59 
334 61 
337 62 
341 64 
347 67 
350 68 
354 70 
356 72 
360 74 
366 77 
369 79 
372 82 
375 84 
377 87 
379 90 
381 93 
383 97 
384 99 
385 102 
387 105 
389 109 
391 112 
392 115 
394 118 
396 121 
398 124 
399 127 
401 130 
402 133 
403 136 
393 147 
405 140 
388 160 
407 150 
388 164 
409 153 
387 167 
411 155 
386 171 
414 158 
386 174 
415 160 
386 177 
418 163 
386 180 
415 168 
421 165 
386 183 
415 172 
423 169 
386 186 
416 174 
425 171 
386 189 
417 178 
427 174 
386 192 
418 181 
428 177 
386 195 
418 184 
429 181 
386 197 
419 187 
431 184 
387 200 
420 191 
432 187 
387 202 
420 193 
433 190 
387 205 
421 196 
434 193 
387 208 
421 200 
435 197 
387 211 
422 203 
436 200 
387 213 
422 206 
437 203 
387 216 
422 210 
438 207 
387 219 
423 213 
438 210 
388 221 
423 216 
439 214 
388 223 
423 219 
439 217 
388 226 
423 222 
439 221 
388 228 
423 225 
440 224 
388 231 
424 229 
440 227 
389 234 
424 232 
440 231 
389 236 
424 235 
440 234 
390 239 
424 238 
440 238 
214 43 
266 43 
203 44 
279 44 
200 45 
282 45 
193 46 
289 46 
190 47 
292 47 
183 48 
299 48 
181 49 
302 49 
177 50 
306 50 
174 51 
308 51 
169 52 
313 52 
168 53 
316 53 
163 54 
319 54 
161 55 
322 55 
158 56 
325 56 
156 57 
328 57 
153 58 
331 58 
150 59 
333 59 
148 60 
335 60 
147 61 
337 61 
145 62 
339 62 
62 245 
143 63 
342 63 
141 64 
344 64 
140 65 
346 65 
65 212 
65 270 
138 66 
348 66 
66 207 
136 67 
350 67 
67 200 
67 272 
135 68 
352 68 
68 195 
68 273 
68 289 
134 69 
354 69 
69 188 
69 274 
69 294 
133 70 
356 70 
70 185 
70 274 
70 299 
132 71 
357 71 
71 180 
71 302 
131 72 
359 72 
72 175 
72 307 
129 73 
361 73 
73 172 
73 210 
73 310 
128 74 
363 74 
74 169 
74 205 
74 275 
74 313 
127 75 
365 75 
75 167 
75 198 
75 274 
75 318 
127 76 
366 76 
76 163 
76 195 
76 319 
126 77 
368 77 
77 160 
77 188 
77 322 
125 78 
369 78 
78 157 
78 185 
78 323 
124 79 
370 79 
79 155 
79 178 
79 326 
123 80 
371 80 
80 152 
80 175 
80 326 
122 81 
371 81 
81 150 
81 172 
121 82 
153 82 
372 82 
82 147 
82 169 
82 326 
82 335 
120 83 
373 83 
83 145 
83 166 
83 327 
83 338 
120 84 
145 84 
153 84 
373 84 
84 143 
84 163 
84 327 
84 340 
119 85 
143 85 
153 85 
374 85 
85 142 
85 160 
85 328 
85 343 
118 86 
141 86 
152 86 
374 86 
86 143 
86 157 
86 329 
86 345 
117 87 
138 87 
151 87 
375 87 
87 143 
87 154 
87 330 
87 347 
116 88 
136 88 
151 88 
376 88 
88 134 
88 142 
88 152 
88 330 
88 349 
115 89 
134 89 
150 89 
377 89 
89 132 
89 331 
89 351 
115 90 
132 90 
150 90 
377 90 
90 130 
90 145 
90 332 
90 353 
114 91 
130 91 
149 91 
378 91 
91 128 
91 142 
91 332 
91 355 
113 92 
128 92 
148 92 
379 92 
92 126 
92 141 
92 333 
92 357 
113 93 
126 93 
148 93 
379 93 
391 93 
93 124 
93 334 
93 359 
112 94 
124 94 
147 94 
380 94 
393 94 
94 122 
94 334 
94 360 
111 95 
122 95 
146 95 
381 95 
394 95 
95 120 
95 335 
95 362 
110 96 
120 96 
146 96 
382 96 
395 96 
96 118 
96 336 
96 365 
110 97 
119 97 
145 97 
383 97 
396 97 
97 117 
97 336 
97 367 
109 98 
117 98 
144 98 
383 98 
397 98 
98 115 
98 337 
98 368 
115 99 
144 99 
384 99 
398 99 
99 113 
99 338 
99 370 
113 100 
143 100 
384 100 
100 111 
100 241 
100 339 
100 372 
108 101 
142 101 
385 101 
101 110 
101 339 
101 373 
108 102 
142 102 
386 102 
102 108 
102 340 
102 375 
107 103 
141 103 
386 103 
103 107 
103 340 
103 376 
106 104 
140 104 
387 104 
404 104 
104 105 
104 341 
104 377 
105 105 
140 105 
387 105 
405 105 
105 104 
105 342 
105 378 
104 106 
139 106 
388 106 
106 103 
106 342 
106 379 
103 107 
138 107 
389 107 
407 107 
107 102 
107 198 
107 343 
107 380 
102 108 
138 108 
389 108 
409 108 
108 101 
108 195 
108 305 
108 343 
108 381 
101 109 
137 109 
390 109 
410 109 
109 102 
109 188 
109 310 
109 344 
109 381 
101 110 
137 110 
390 110 
410 110 
110 185 
110 313 
110 345 
110 382 
100 111 
136 111 
391 111 
411 111 
111 178 
111 316 
111 345 
111 384 
100 112 
136 112 
391 112 
412 112 
112 94 
112 101 
112 175 
112 321 
112 346 
112 385 
99 113 
135 113 
392 113 
113 92 
113 100 
113 170 
113 324 
113 347 
113 385 
98 114 
134 114 
392 114 
114 91 
114 100 
114 167 
114 327 
114 347 
114 386 
98 115 
134 115 
393 115 
115 89 
115 99 
115 162 
115 330 
115 348 
115 387 
97 116 
133 116 
394 116 
416 116 
116 88 
116 98 
116 161 
116 333 
116 348 
116 388 
97 117 
133 117 
394 117 
417 117 
117 87 
117 98 
117 156 
117 349 
117 389 
96 118 
132 118 
395 118 
118 86 
118 97 
118 153 
118 389 
96 119 
132 119 
395 119 
119 85 
119 97 
119 150 
119 390 
95 120 
132 120 
396 120 
120 84 
120 96 
120 149 
120 391 
95 121 
131 121 
397 121 
121 82 
121 95 
121 144 
121 391 
94 122 
131 122 
397 122 
122 81 
122 95 
122 143 
122 351 
122 392 
94 123 
130 123 
397 123 
123 80 
123 95 
123 140 
123 352 
123 393 
93 124 
130 124 
398 124 
124 79 
124 94 
124 139 
124 352 
124 394 
93 125 
129 125 
399 125 
125 78 
125 93 
125 134 
125 352 
125 394 
92 126 
129 126 
399 126 
126 76 
126 93 
126 133 
126 352 
126 395 
92 127 
128 127 
399 127 
127 75 
127 92 
127 130 
127 353 
127 395 
91 128 
128 128 
400 128 
128 74 
128 92 
128 129 
128 396 
91 129 
128 129 
401 129 
129 73 
129 91 
129 126 
129 396 
90 130 
127 130 
401 130 
130 72 
130 91 
130 124 
130 397 
89 131 
127 131 
401 131 
131 71 
131 90 
131 121 
131 397 
89 132 
126 132 
402 132 
132 70 
132 90 
132 119 
132 398 
88 133 
126 133 
402 133 
133 69 
133 89 
133 117 
133 399 
88 134 
125 134 
403 134 
134 69 
134 89 
134 115 
134 399 
87 135 
125 135 
403 135 
135 68 
135 89 
135 113 
135 399 
87 136 
125 136 
403 136 
136 67 
136 88 
136 111 
136 400 
124 137 
404 137 
137 67 
137 87 
137 110 
137 401 
124 138 
404 138 
138 66 
138 87 
138 107 
138 401 
123 139 
405 139 
139 65 
139 87 
139 106 
139 402 
91 140 
123 140 
405 140 
140 65 
140 86 
140 105 
140 402 
90 141 
123 141 
405 141 
141 64 
141 86 
141 103 
141 403 
89 142 
122 142 
406 142 
142 64 
142 85 
142 101 
142 403 
122 143 
406 143 
143 63 
143 85 
143 100 
143 404 
85 144 
121 144 
407 144 
144 63 
144 84 
144 99 
144 404 
84 145 
121 145 
397 145 
407 145 
145 62 
145 84 
145 96 
145 404 
83 146 
90 146 
121 146 
397 146 
146 62 
146 84 
146 95 
146 405 
83 147 
89 147 
120 147 
147 61 
147 83 
147 94 
147 406 
82 148 
89 148 
120 148 
148 61 
148 83 
148 93 
148 406 
81 149 
89 149 
119 149 
406 149 
149 60 
149 83 
149 90 
149 406 
81 150 
88 150 
119 150 
150 60 
150 89 
150 407 
81 151 
88 151 
119 151 
392 151 
408 151 
151 59 
151 88 
151 407 
80 152 
88 152 
118 152 
391 152 
409 152 
152 59 
152 85 
152 407 
80 153 
87 153 
118 153 
390 153 
410 153 
153 59 
153 84 
153 408 
79 154 
87 154 
118 154 
390 154 
411 154 
154 58 
154 83 
154 408 
79 155 
87 155 
117 155 
390 155 
412 155 
155 58 
155 82 
155 409 
79 156 
86 156 
117 156 
389 156 
413 156 
156 57 
156 409 
78 157 
86 157 
117 157 
388 157 
414 157 
157 57 
157 409 
78 158 
86 158 
116 158 
388 158 
414 158 
158 56 
158 410 
78 159 
85 159 
116 159 
388 159 
414 159 
159 56 
159 410 
77 160 
85 160 
115 160 
388 160 
415 160 
160 56 
160 411 
77 161 
85 161 
115 161 
388 161 
416 161 
161 55 
161 411 
77 162 
84 162 
115 162 
387 162 
418 162 
162 55 
162 411 
76 163 
84 163 
115 163 
388 163 
163 55 
163 411 
76 164 
84 164 
114 164 
387 164 
164 54 
164 412 
83 165 
114 165 
387 165 
421 165 
165 54 
165 412 
83 166 
114 166 
387 166 
414 166 
421 166 
166 54 
166 413 
83 167 
114 167 
387 167 
415 167 
422 167 
167 53 
167 413 
82 168 
113 168 
387 168 
414 168 
423 168 
168 53 
168 413 
82 169 
113 169 
386 169 
415 169 
423 169 
169 53 
169 413 
82 170 
113 170 
386 170 
415 170 
424 170 
170 52 
170 414 
73 171 
81 171 
112 171 
386 171 
415 171 
425 171 
171 52 
171 415 
73 172 
81 172 
112 172 
387 172 
416 172 
425 172 
172 52 
172 415 
73 173 
81 173 
112 173 
386 173 
416 173 
426 173 
173 52 
173 415 
73 174 
80 174 
112 174 
387 174 
416 174 
426 174 
174 51 
174 415 
73 175 
80 175 
111 175 
386 175 
416 175 
427 175 
175 51 
175 415 
72 176 
80 176 
111 176 
386 176 
416 176 
427 176 
176 51 
176 416 
72 177 
79 177 
111 177 
386 177 
417 177 
428 177 
177 51 
177 416 
72 178 
79 178 
111 178 
386 178 
417 178 
428 178 
178 50 
178 416 
71 179 
79 179 
110 179 
386 179 
417 179 
429 179 
179 50 
179 417 
71 180 
79 180 
110 180 
386 180 
417 180 
429 180 
180 50 
180 417 
71 181 
79 181 
110 181 
386 181 
417 181 
430 181 
181 50 
181 417 
70 182 
78 182 
110 182 
386 182 
418 182 
430 182 
182 50 
182 418 
70 183 
78 183 
109 183 
386 183 
418 183 
431 183 
183 49 
183 418 
70 184 
78 184 
109 184 
386 184 
418 184 
431 184 
184 49 
184 418 
70 185 
77 185 
109 185 
386 185 
419 185 
431 185 
185 49 
185 418 
70 186 
78 186 
109 186 
386 186 
419 186 
432 186 
186 49 
186 419 
69 187 
77 187 
109 187 
386 187 
419 187 
432 187 
187 48 
187 419 
69 188 
77 188 
108 188 
386 188 
419 188 
432 188 
188 48 
188 419 
69 189 
77 189 
108 189 
386 189 
419 189 
433 189 
189 47 
189 419 
69 190 
77 190 
108 190 
386 190 
420 190 
433 190 
190 47 
190 420 
69 191 
77 191 
108 191 
386 191 
420 191 
433 191 
191 47 
191 420 
68 192 
76 192 
108 192 
386 192 
420 192 
434 192 
192 47 
192 420 
68 193 
76 193 
107 193 
386 193 
420 193 
434 193 
193 47 
193 420 
68 194 
76 194 
107 194 
386 194 
420 194 
434 194 
194 47 
194 420 
68 195 
76 195 
107 195 
386 195 
421 195 
435 195 
195 46 
195 421 
68 196 
76 196 
107 196 
386 196 
421 196 
435 196 
196 46 
196 421 
68 197 
75 197 
107 197 
386 197 
421 197 
435 197 
197 46 
197 421 
68 198 
75 198 
106 198 
386 198 
421 198 
435 198 
198 421 
67 199 
75 199 
106 199 
386 199 
421 199 
436 199 
199 45 
199 421 
67 200 
75 200 
106 200 
387 200 
421 200 
436 200 
200 45 
200 422 
67 201 
75 201 
106 201 
387 201 
421 201 
436 201 
201 45 
201 422 
67 202 
74 202 
106 202 
387 202 
421 202 
436 202 
202 45 
202 422 
67 203 
74 203 
106 203 
386 203 
421 203 
437 203 
203 45 
203 422 
66 204 
74 204 
106 204 
387 204 
422 204 
437 204 
204 45 
204 422 
67 205 
74 205 
105 205 
387 205 
422 205 
437 205 
205 45 
205 423 
66 206 
74 206 
105 206 
387 206 
422 206 
438 206 
206 44 
206 423 
66 207 
73 207 
105 207 
387 207 
422 207 
438 207 
207 44 
207 423 
66 208 
74 208 
105 208 
387 208 
422 208 
438 208 
208 44 
208 423 
66 209 
73 209 
105 209 
387 209 
422 209 
438 209 
209 43 
209 423 
66 210 
73 210 
105 210 
387 210 
422 210 
438 210 
210 44 
210 423 
65 211 
73 211 
104 211 
387 211 
423 211 
438 211 
211 43 
211 423 
65 212 
73 212 
104 212 
387 212 
422 212 
438 212 
212 43 
212 424 
65 213 
73 213 
104 213 
387 213 
423 213 
439 213 
213 43 
213 424 
65 214 
73 214 
104 214 
387 214 
423 214 
439 214 
214 43 
214 424 
65 215 
73 215 
104 215 
387 215 
423 215 
439 215 
215 43 
215 424 
65 216 
72 216 
104 216 
387 216 
423 216 
439 216 
216 43 
216 424 
65 217 
72 217 
104 217 
387 217 
423 217 
439 217 
217 43 
217 425 
65 218 
72 218 
104 218 
387 218 
423 218 
439 218 
218 43 
218 425 
65 219 
72 219 
104 219 
388 219 
423 219 
439 219 
219 43 
219 425 
64 220 
72 220 
104 220 
387 220 
423 220 
439 220 
220 43 
220 425 
65 221 
72 221 
103 221 
388 221 
423 221 
439 221 
221 43 
221 425 
64 222 
72 222 
103 222 
388 222 
423 222 
440 222 
222 43 
222 425 
64 223 
71 223 
103 223 
388 223 
423 223 
440 223 
223 42 
223 425 
64 224 
72 224 
103 224 
388 224 
423 224 
440 224 
224 42 
224 425 
64 225 
71 225 
103 225 
388 225 
423 225 
440 225 
225 42 
225 425 
64 226 
71 226 
103 226 
388 226 
423 226 
440 226 
226 42 
226 425 
64 227 
71 227 
103 227 
388 227 
423 227 
440 227 
227 42 
227 425 
64 228 
71 228 
103 228 
388 228 
423 228 
440 228 
228 42 
228 426 
64 229 
71 229 
103 229 
388 229 
423 229 
440 229 
229 42 
229 426 
64 230 
72 230 
103 230 
389 230 
424 230 
440 230 
230 42 
230 426 
64 231 
71 231 
103 231 
388 231 
424 231 
440 231 
231 41 
231 426 
64 232 
72 232 
103 232 
389 232 
424 232 
440 232 
232 41 
232 426 
64 233 
71 233 
103 233 
389 233 
424 233 
440 233 
233 41 
233 426 
64 234 
72 234 
103 234 
389 234 
424 234 
440 234 
234 42 
234 426 
64 235 
71 235 
103 235 
389 235 
424 235 
440 235 
235 42 
235 426 
64 236 
72 236 
103 236 
389 236 
424 236 
440 236 
236 42 
236 426 
64 237 
71 237 
103 237 
390 237 
423 237 
440 237 
237 42 
237 426 
64 238 
72 238 
103 238 
389 238 
424 238 
440 238 
238 42 
238 426 
64 239 
71 239 
103 239 
390 239 
423 239 
440 239 
239 41 
239 426 
64 240 
72 240 
103 240 
389 240 
424 240 
440 240 
240 42 
240 426 
64 241 
71 241 
103 241 
390 241 
423 241 
440 241 
241 42 
241 426 
63 242 
72 242 
103 242 
389 242 
424 242 
440 242 
242 42 
242 426 
71 243 
103 243 
390 243 
423 243 
440 243 
243 42 
243 427 
72 244 
103 244 
390 244 
423 244 
440 244 
244 42 
244 426 
72 245 
103 245 
390 245 
423 245 
440 245 
245 42 
245 427 
72 246 
103 246 
390 246 
423 246 
440 246 
246 42 
246 427 
72 247 
103 247 
390 247 
423 247 
439 247 
247 42 
247 427 
64 248 
72 248 
103 248 
390 248 
423 248 
439 248 
248 42 
248 426 
64 249 
72 249 
103 249 
390 249 
423 249 
439 249 
249 42 
249 427 
64 250 
72 250 
103 250 
390 250 
423 250 
439 250 
250 42 
250 427 
64 251 
72 251 
103 251 
390 251 
423 251 
439 251 
251 42 
251 427 
64 252 
72 252 
103 252 
390 252 
423 252 
439 252 
252 42 
252 426 
64 253 
72 253 
103 253 
390 253 
423 253 
439 253 
253 42 
253 426 
64 254 
72 254 
103 254 
391 254 
423 254 
438 254 
254 42 
254 426 
64 255 
72 255 
103 255 
391 255 
423 255 
438 255 
255 43 
255 426 
64 256 
72 256 
103 256 
391 256 
422 256 
438 256 
256 42 
256 426 
65 257 
72 257 
103 257 
392 257 
422 257 
438 257 
257 426 
64 258 
72 258 
103 258 
391 258 
422 258 
438 258 
258 42 
258 426 
65 259 
72 259 
103 259 
392 259 
422 259 
437 259 
259 43 
259 426 
64 260 
72 260 
103 260 
391 260 
422 260 
437 260 
260 43 
260 426 
65 261 
73 261 
103 261 
392 261 
422 261 
437 261 
261 43 
261 426 
65 262 
73 262 
103 262 
392 262 
422 262 
437 262 
262 43 
262 426 
65 263 
73 263 
103 263 
392 263 
421 263 
437 263 
263 43 
263 426 
65 264 
73 264 
103 264 
392 264 
421 264 
436 264 
264 43 
264 426 
65 265 
73 265 
104 265 
392 265 
421 265 
436 265 
265 43 
265 426 
65 266 
73 266 
104 266 
393 266 
421 266 
436 266 
266 43 
266 426 
65 267 
73 267 
104 267 
392 267 
421 267 
435 267 
267 43 
267 426 
66 268 
73 268 
104 268 
393 268 
421 268 
435 268 
268 43 
268 426 
66 269 
73 269 
104 269 
394 269 
421 269 
435 269 
269 43 
269 426 
104 270 
393 270 
421 270 
434 270 
270 44 
270 426 
104 271 
394 271 
421 271 
434 271 
271 44 
271 425 
71 272 
104 272 
394 272 
420 272 
434 272 
272 425 
72 273 
104 273 
394 273 
420 273 
434 273 
273 44 
273 425 
71 274 
104 274 
394 274 
420 274 
433 274 
274 44 
274 425 
104 275 
394 275 
420 275 
433 275 
275 45 
275 425 
104 276 
394 276 
420 276 
432 276 
276 45 
276 425 
104 277 
394 277 
420 277 
432 277 
277 45 
277 425 
66 278 
105 278 
395 278 
420 278 
431 278 
278 44 
278 425 
67 279 
104 279 
396 279 
420 279 
431 279 
279 45 
279 425 
67 280 
105 280 
395 280 
419 280 
431 280 
280 45 
280 425 
67 281 
105 281 
396 281 
419 281 
430 281 
281 45 
67 282 
105 282 
396 282 
418 282 
430 282 
282 45 
282 424 
67 283 
105 283 
396 283 
419 283 
429 283 
283 45 
283 424 
68 284 
105 284 
396 284 
419 284 
429 284 
284 46 
284 424 
68 285 
105 285 
396 285 
419 285 
428 285 
285 46 
285 424 
68 286 
105 286 
397 286 
418 286 
427 286 
286 46 
286 423 
68 287 
106 287 
398 287 
418 287 
427 287 
287 46 
287 423 
68 288 
106 288 
397 288 
418 288 
426 288 
288 46 
288 423 
69 289 
106 289 
398 289 
426 289 
289 47 
289 423 
69 290 
106 290 
398 290 
425 290 
290 47 
290 423 
69 291 
106 291 
398 291 
291 47 
291 423 
69 292 
106 292 
399 292 
292 48 
292 422 
69 293 
106 293 
400 293 
293 48 
293 422 
70 294 
107 294 
400 294 
421 294 
294 48 
294 422 
70 295 
107 295 
401 295 
420 295 
295 48 
295 422 
70 296 
107 296 
401 296 
419 296 
296 48 
296 422 
70 297 
107 297 
402 297 
418 297 
297 47 
297 421 
70 298 
107 298 
298 48 
298 421 
71 299 
108 299 
299 49 
299 421 
71 300 
108 300 
415 300 
300 49 
300 421 
71 301 
108 301 
301 49 
301 421 
71 302 
108 302 
413 302 
302 50 
302 420 
72 303 
108 303 
412 303 
303 50 
303 420 
72 304 
109 304 
409 304 
304 50 
304 420 
72 305 
109 305 
412 305 
305 51 
305 420 
72 306 
109 306 
412 306 
306 51 
306 420 
73 307 
109 307 
412 307 
307 51 
307 419 
73 308 
109 308 
412 308 
308 51 
308 419 
73 309 
110 309 
412 309 
309 51 
309 419 
74 310 
110 310 
412 310 
310 52 
310 419 
74 311 
110 311 
411 311 
311 52 
74 312 
111 312 
411 312 
312 53 
312 418 
74 313 
111 313 
411 313 
313 53 
313 418 
75 314 
111 314 
410 314 
314 53 
314 417 
75 315 
111 315 
410 315 
315 53 
315 417 
75 316 
111 316 
409 316 
316 54 
316 417 
76 317 
112 317 
409 317 
317 54 
317 417 
76 318 
112 318 
409 318 
318 54 
318 416 
76 319 
112 319 
408 319 
319 55 
319 416 
77 320 
113 320 
408 320 
320 55 
320 415 
77 321 
113 321 
407 321 
321 55 
321 415 
78 322 
113 322 
407 322 
322 415 
79 323 
114 323 
407 323 
323 56 
323 414 
79 324 
114 324 
407 324 
324 56 
324 414 
80 325 
114 325 
406 325 
325 57 
325 414 
81 326 
115 326 
406 326 
326 57 
326 413 
82 327 
115 327 
405 327 
327 57 
327 413 
84 328 
115 328 
405 328 
328 58 
328 413 
115 329 
405 329 
329 58 
329 412 
88 330 
116 330 
404 330 
330 58 
330 412 
81 331 
90 331 
116 331 
404 331 
331 59 
331 412 
81 332 
91 332 
116 332 
403 332 
332 59 
332 411 
82 333 
92 333 
116 333 
403 333 
333 59 
333 411 
82 334 
93 334 
117 334 
403 334 
334 60 
334 410 
82 335 
94 335 
117 335 
402 335 
335 61 
335 410 
83 336 
97 336 
117 336 
402 336 
336 61 
336 410 
83 337 
98 337 
118 337 
401 337 
337 61 
337 409 
83 338 
99 338 
118 338 
401 338 
338 62 
338 409 
84 339 
100 339 
118 339 
401 339 
339 63 
339 409 
84 340 
103 340 
119 340 
400 340 
340 63 
340 408 
85 341 
104 341 
119 341 
399 341 
341 63 
341 408 
85 342 
105 342 
119 342 
399 342 
342 64 
342 407 
85 343 
107 343 
120 343 
399 343 
343 64 
343 407 
86 344 
109 344 
120 344 
399 344 
344 64 
344 406 
86 345 
110 345 
120 345 
398 345 
345 65 
345 406 
87 346 
113 346 
121 346 
397 346 
346 66 
346 405 
87 347 
397 347 
347 66 
347 405 
88 348 
396 348 
348 66 
348 405 
88 349 
120 349 
396 349 
349 67 
349 404 
89 350 
122 350 
395 350 
350 68 
350 404 
89 351 
122 351 
395 351 
351 68 
351 403 
90 352 
122 352 
394 352 
352 69 
352 403 
90 353 
123 353 
394 353 
353 69 
353 403 
91 354 
393 354 
354 70 
354 402 
91 355 
393 355 
355 401 
92 356 
392 356 
356 71 
356 401 
92 357 
392 357 
357 71 
357 400 
93 358 
391 358 
358 400 
93 359 
391 359 
359 399 
94 360 
390 360 
360 399 
94 361 
390 361 
361 398 
95 362 
389 362 
362 397 
96 363 
389 363 
363 397 
96 364 
388 364 
364 396 
97 365 
387 365 
365 76 
365 396 
97 366 
387 366 
366 77 
366 395 
98 367 
386 367 
367 77 
367 394 
98 368 
385 368 
406 368 
368 78 
368 393 
99 369 
385 369 
369 79 
369 392 
99 370 
384 370 
403 370 
370 80 
370 391 
100 371 
383 371 
402 371 
371 81 
371 390 
101 372 
383 372 
401 372 
372 82 
372 388 
101 373 
382 373 
400 373 
373 84 
373 387 
102 374 
381 374 
399 374 
374 85 
374 385 
103 375 
381 375 
398 375 
375 87 
375 384 
103 376 
380 376 
396 376 
376 88 
376 382 
104 377 
379 377 
395 377 
377 90 
377 381 
106 378 
379 378 
393 378 
378 91 
378 380 
106 379 
378 379 
393 379 
379 92 
379 378 
107 380 
377 380 
391 380 
380 93 
380 376 
380 387 
108 381 
377 381 
390 381 
381 95 
381 375 
381 387 
108 382 
376 382 
382 96 
382 373 
382 386 
111 383 
375 383 
383 98 
383 372 
383 386 
112 384 
375 384 
384 100 
384 371 
384 385 
113 385 
374 385 
384 385 
385 101 
385 369 
385 385 
114 386 
373 386 
386 102 
386 367 
386 384 
115 387 
373 387 
387 104 
387 366 
116 388 
372 388 
388 106 
388 364 
388 382 
117 389 
371 389 
389 108 
389 362 
389 382 
118 390 
370 390 
390 109 
390 157 
390 361 
390 381 
119 391 
369 391 
391 111 
391 154 
391 359 
391 380 
121 392 
368 392 
392 113 
392 153 
392 357 
392 379 
123 393 
368 393 
393 95 
393 115 
393 150 
393 356 
393 378 
125 394 
367 394 
394 96 
394 116 
394 149 
394 353 
394 378 
126 395 
366 395 
395 96 
395 118 
395 148 
395 351 
128 396 
365 396 
396 97 
396 120 
396 149 
396 350 
130 397 
364 397 
397 98 
397 122 
397 148 
397 348 
397 375 
132 398 
363 398 
398 99 
398 124 
398 148 
398 293 
398 345 
398 374 
134 399 
361 399 
399 126 
399 148 
399 294 
399 343 
399 374 
135 400 
359 400 
400 128 
400 148 
400 341 
400 373 
138 401 
356 401 
401 130 
401 148 
401 298 
401 339 
401 372 
140 402 
355 402 
402 132 
402 149 
402 299 
402 337 
402 372 
142 403 
353 403 
403 135 
403 149 
403 300 
403 334 
403 371 
143 404 
351 404 
404 137 
404 149 
404 300 
404 332 
146 405 
348 405 
405 140 
405 150 
405 300 
405 329 
149 406 
347 406 
406 301 
406 327 
150 407 
344 407 
407 150 
407 302 
407 324 
151 408 
340 408 
408 150 
408 302 
408 321 
156 409 
338 409 
409 109 
409 150 
409 302 
409 318 
157 410 
337 410 
410 110 
410 153 
410 302 
410 315 
160 411 
334 411 
411 155 
163 412 
332 412 
412 157 
166 413 
329 413 
413 158 
169 414 
325 414 
414 303 
173 415 
324 415 
415 300 
176 416 
321 416 
416 159 
416 173 
416 299 
178 417 
318 417 
417 160 
417 176 
182 418 
418 161 
418 183 
188 419 
419 163 
419 186 
189 420 
305 420 
420 164 
420 193 
420 296 
196 421 
302 421 
421 165 
421 196 
421 295 
200 422 
299 422 
422 167 
422 294 
294 423 
423 168 
423 293 
231 424 
424 170 
424 291 
231 425 
425 172 
425 290 
426 173 
426 289 
427 175 
427 288 
428 177 
428 286 
429 180 
429 284 
430 181 
430 281 
431 184 
431 280 
432 186 
432 279 
433 190 
433 275 
434 191 
434 273 
435 194 
435 270 
436 198 
436 267 
437 204 
437 264 
438 206 
438 259 
439 254 
440 223 
